
1.41, 1.43, 1.44, 1.46, 1.47, 1.49, 1.50, 1.52, 1.53, 1.55, 1.56, 1.58, 1.59, 1.61, 1.62, 1.64, 1.65, 1.67, 1.68, 1.70, 1.71, 1.73, 1.75, 1.76, 1.77, 1.79, 1.80, 1.82, 1.83, 1.84, 1.86, 1.87, 1.88, 1.89, 1.90, 1.92, 1.93, 1.94, 1.94, 1.95, 1.96, 1.97, 1.97, 1.98, 1.99, 1.99, 1.99, 2.00, 2.00, 2.00, 2.00, 2.00, 2.00, 2.00, 1.99, 1.99, 1.99, 1.98, 1.97, 1.97, 1.96, 1.95, 1.94, 1.94, 1.93, 1.92, 1.90, 1.89, 1.88, 1.87, 1.86, 1.84, 1.83, 1.82, 1.80, 1.79, 1.77, 1.76, 1.75, 1.73, 1.71, 1.70, 1.68, 1.67, 1.65, 1.64, 1.62, 1.61, 1.59, 1.58, 1.56, 1.55, 1.53, 1.52, 1.50, 1.49, 1.47, 1.46, 1.44, 1.43, 
1.43, 1.44, 1.46, 1.47, 1.49, 1.50, 1.52, 1.53, 1.55, 1.57, 1.58, 1.60, 1.61, 1.63, 1.64, 1.66, 1.68, 1.69, 1.71, 1.72, 1.74, 1.76, 1.77, 1.79, 1.80, 1.82, 1.83, 1.85, 1.86, 1.88, 1.89, 1.90, 1.92, 1.93, 1.94, 1.95, 1.96, 1.97, 1.98, 1.99, 2.00, 2.01, 2.01, 2.02, 2.03, 2.03, 2.03, 2.04, 2.04, 2.04, 2.04, 2.04, 2.04, 2.04, 2.03, 2.03, 2.03, 2.02, 2.01, 2.01, 2.00, 1.99, 1.98, 1.97, 1.96, 1.95, 1.94, 1.93, 1.92, 1.90, 1.89, 1.88, 1.86, 1.85, 1.83, 1.82, 1.80, 1.79, 1.77, 1.76, 1.74, 1.72, 1.71, 1.69, 1.68, 1.66, 1.64, 1.63, 1.61, 1.60, 1.58, 1.57, 1.55, 1.53, 1.52, 1.50, 1.49, 1.47, 1.46, 1.44, 
1.44, 1.46, 1.47, 1.49, 1.50, 1.52, 1.54, 1.55, 1.57, 1.58, 1.60, 1.62, 1.63, 1.65, 1.67, 1.68, 1.70, 1.72, 1.73, 1.75, 1.77, 1.78, 1.80, 1.82, 1.83, 1.85, 1.86, 1.88, 1.89, 1.91, 1.92, 1.94, 1.95, 1.96, 1.98, 1.99, 2.00, 2.01, 2.02, 2.03, 2.04, 2.05, 2.05, 2.06, 2.07, 2.07, 2.08, 2.08, 2.08, 2.08, 2.08, 2.08, 2.08, 2.08, 2.08, 2.07, 2.07, 2.06, 2.05, 2.05, 2.04, 2.03, 2.02, 2.01, 2.00, 1.99, 1.98, 1.96, 1.95, 1.94, 1.92, 1.91, 1.89, 1.88, 1.86, 1.85, 1.83, 1.82, 1.80, 1.78, 1.77, 1.75, 1.73, 1.72, 1.70, 1.68, 1.67, 1.65, 1.63, 1.62, 1.60, 1.58, 1.57, 1.55, 1.54, 1.52, 1.50, 1.49, 1.47, 1.46, 
1.46, 1.47, 1.49, 1.50, 1.52, 1.54, 1.55, 1.57, 1.59, 1.60, 1.62, 1.64, 1.65, 1.67, 1.69, 1.71, 1.72, 1.74, 1.76, 1.78, 1.79, 1.81, 1.83, 1.84, 1.86, 1.88, 1.89, 1.91, 1.93, 1.94, 1.96, 1.97, 1.99, 2.00, 2.01, 2.03, 2.04, 2.05, 2.06, 2.07, 2.08, 2.09, 2.10, 2.10, 2.11, 2.12, 2.12, 2.12, 2.13, 2.13, 2.13, 2.13, 2.13, 2.12, 2.12, 2.12, 2.11, 2.10, 2.10, 2.09, 2.08, 2.07, 2.06, 2.05, 2.04, 2.03, 2.01, 2.00, 1.99, 1.97, 1.96, 1.94, 1.93, 1.91, 1.89, 1.88, 1.86, 1.84, 1.83, 1.81, 1.79, 1.78, 1.76, 1.74, 1.72, 1.71, 1.69, 1.67, 1.65, 1.64, 1.62, 1.60, 1.59, 1.57, 1.55, 1.54, 1.52, 1.50, 1.49, 1.47, 
1.47, 1.49, 1.50, 1.52, 1.54, 1.55, 1.57, 1.59, 1.61, 1.62, 1.64, 1.66, 1.68, 1.69, 1.71, 1.73, 1.75, 1.77, 1.78, 1.80, 1.82, 1.84, 1.86, 1.87, 1.89, 1.91, 1.93, 1.94, 1.96, 1.98, 1.99, 2.01, 2.02, 2.04, 2.05, 2.07, 2.08, 2.09, 2.10, 2.11, 2.12, 2.13, 2.14, 2.15, 2.16, 2.16, 2.17, 2.17, 2.17, 2.17, 2.17, 2.17, 2.17, 2.17, 2.17, 2.16, 2.16, 2.15, 2.14, 2.13, 2.12, 2.11, 2.10, 2.09, 2.08, 2.07, 2.05, 2.04, 2.02, 2.01, 1.99, 1.98, 1.96, 1.94, 1.93, 1.91, 1.89, 1.87, 1.86, 1.84, 1.82, 1.80, 1.78, 1.77, 1.75, 1.73, 1.71, 1.69, 1.68, 1.66, 1.64, 1.62, 1.61, 1.59, 1.57, 1.55, 1.54, 1.52, 1.50, 1.49, 
1.49, 1.50, 1.52, 1.54, 1.55, 1.57, 1.59, 1.61, 1.62, 1.64, 1.66, 1.68, 1.70, 1.72, 1.74, 1.75, 1.77, 1.79, 1.81, 1.83, 1.85, 1.87, 1.89, 1.91, 1.92, 1.94, 1.96, 1.98, 2.00, 2.01, 2.03, 2.05, 2.06, 2.08, 2.09, 2.11, 2.12, 2.13, 2.15, 2.16, 2.17, 2.18, 2.19, 2.20, 2.20, 2.21, 2.21, 2.22, 2.22, 2.22, 2.22, 2.22, 2.22, 2.22, 2.21, 2.21, 2.20, 2.20, 2.19, 2.18, 2.17, 2.16, 2.15, 2.13, 2.12, 2.11, 2.09, 2.08, 2.06, 2.05, 2.03, 2.01, 2.00, 1.98, 1.96, 1.94, 1.92, 1.91, 1.89, 1.87, 1.85, 1.83, 1.81, 1.79, 1.77, 1.75, 1.74, 1.72, 1.70, 1.68, 1.66, 1.64, 1.62, 1.61, 1.59, 1.57, 1.55, 1.54, 1.52, 1.50, 
1.50, 1.52, 1.54, 1.55, 1.57, 1.59, 1.61, 1.63, 1.64, 1.66, 1.68, 1.70, 1.72, 1.74, 1.76, 1.78, 1.80, 1.82, 1.84, 1.86, 1.88, 1.90, 1.92, 1.94, 1.96, 1.98, 2.00, 2.01, 2.03, 2.05, 2.07, 2.09, 2.10, 2.12, 2.14, 2.15, 2.17, 2.18, 2.19, 2.20, 2.22, 2.23, 2.24, 2.24, 2.25, 2.26, 2.26, 2.27, 2.27, 2.27, 2.27, 2.27, 2.27, 2.27, 2.26, 2.26, 2.25, 2.24, 2.24, 2.23, 2.22, 2.20, 2.19, 2.18, 2.17, 2.15, 2.14, 2.12, 2.10, 2.09, 2.07, 2.05, 2.03, 2.01, 2.00, 1.98, 1.96, 1.94, 1.92, 1.90, 1.88, 1.86, 1.84, 1.82, 1.80, 1.78, 1.76, 1.74, 1.72, 1.70, 1.68, 1.66, 1.64, 1.63, 1.61, 1.59, 1.57, 1.55, 1.54, 1.52, 
1.52, 1.53, 1.55, 1.57, 1.59, 1.61, 1.63, 1.64, 1.66, 1.68, 1.70, 1.72, 1.74, 1.76, 1.78, 1.80, 1.82, 1.84, 1.87, 1.89, 1.91, 1.93, 1.95, 1.97, 1.99, 2.01, 2.03, 2.05, 2.07, 2.09, 2.11, 2.13, 2.15, 2.16, 2.18, 2.20, 2.21, 2.23, 2.24, 2.25, 2.27, 2.28, 2.29, 2.30, 2.30, 2.31, 2.32, 2.32, 2.32, 2.32, 2.33, 2.32, 2.32, 2.32, 2.32, 2.31, 2.30, 2.30, 2.29, 2.28, 2.27, 2.25, 2.24, 2.23, 2.21, 2.20, 2.18, 2.16, 2.15, 2.13, 2.11, 2.09, 2.07, 2.05, 2.03, 2.01, 1.99, 1.97, 1.95, 1.93, 1.91, 1.89, 1.87, 1.84, 1.82, 1.80, 1.78, 1.76, 1.74, 1.72, 1.70, 1.68, 1.66, 1.64, 1.63, 1.61, 1.59, 1.57, 1.55, 1.53, 
1.53, 1.55, 1.57, 1.59, 1.61, 1.62, 1.64, 1.66, 1.68, 1.70, 1.72, 1.74, 1.77, 1.79, 1.81, 1.83, 1.85, 1.87, 1.89, 1.92, 1.94, 1.96, 1.98, 2.00, 2.02, 2.05, 2.07, 2.09, 2.11, 2.13, 2.15, 2.17, 2.19, 2.21, 2.22, 2.24, 2.26, 2.27, 2.29, 2.30, 2.32, 2.33, 2.34, 2.35, 2.36, 2.36, 2.37, 2.37, 2.38, 2.38, 2.38, 2.38, 2.38, 2.37, 2.37, 2.36, 2.36, 2.35, 2.34, 2.33, 2.32, 2.30, 2.29, 2.27, 2.26, 2.24, 2.22, 2.21, 2.19, 2.17, 2.15, 2.13, 2.11, 2.09, 2.07, 2.05, 2.02, 2.00, 1.98, 1.96, 1.94, 1.92, 1.89, 1.87, 1.85, 1.83, 1.81, 1.79, 1.77, 1.74, 1.72, 1.70, 1.68, 1.66, 1.64, 1.62, 1.61, 1.59, 1.57, 1.55, 
1.55, 1.57, 1.58, 1.60, 1.62, 1.64, 1.66, 1.68, 1.70, 1.72, 1.75, 1.77, 1.79, 1.81, 1.83, 1.86, 1.88, 1.90, 1.92, 1.95, 1.97, 1.99, 2.01, 2.04, 2.06, 2.08, 2.10, 2.13, 2.15, 2.17, 2.19, 2.21, 2.23, 2.25, 2.27, 2.29, 2.31, 2.32, 2.34, 2.36, 2.37, 2.38, 2.39, 2.40, 2.41, 2.42, 2.43, 2.43, 2.44, 2.44, 2.44, 2.44, 2.44, 2.43, 2.43, 2.42, 2.41, 2.40, 2.39, 2.38, 2.37, 2.36, 2.34, 2.32, 2.31, 2.29, 2.27, 2.25, 2.23, 2.21, 2.19, 2.17, 2.15, 2.13, 2.10, 2.08, 2.06, 2.04, 2.01, 1.99, 1.97, 1.95, 1.92, 1.90, 1.88, 1.86, 1.83, 1.81, 1.79, 1.77, 1.75, 1.72, 1.70, 1.68, 1.66, 1.64, 1.62, 1.60, 1.58, 1.57, 
1.56, 1.58, 1.60, 1.62, 1.64, 1.66, 1.68, 1.70, 1.72, 1.75, 1.77, 1.79, 1.81, 1.84, 1.86, 1.88, 1.90, 1.93, 1.95, 1.98, 2.00, 2.02, 2.05, 2.07, 2.10, 2.12, 2.14, 2.17, 2.19, 2.21, 2.24, 2.26, 2.28, 2.30, 2.32, 2.34, 2.36, 2.38, 2.39, 2.41, 2.43, 2.44, 2.45, 2.46, 2.47, 2.48, 2.49, 2.49, 2.50, 2.50, 2.50, 2.50, 2.50, 2.49, 2.49, 2.48, 2.47, 2.46, 2.45, 2.44, 2.43, 2.41, 2.39, 2.38, 2.36, 2.34, 2.32, 2.30, 2.28, 2.26, 2.24, 2.21, 2.19, 2.17, 2.14, 2.12, 2.10, 2.07, 2.05, 2.02, 2.00, 1.98, 1.95, 1.93, 1.90, 1.88, 1.86, 1.84, 1.81, 1.79, 1.77, 1.75, 1.72, 1.70, 1.68, 1.66, 1.64, 1.62, 1.60, 1.58, 
1.58, 1.60, 1.62, 1.64, 1.66, 1.68, 1.70, 1.72, 1.74, 1.77, 1.79, 1.81, 1.84, 1.86, 1.88, 1.91, 1.93, 1.96, 1.98, 2.01, 2.03, 2.06, 2.08, 2.11, 2.13, 2.16, 2.18, 2.21, 2.23, 2.26, 2.28, 2.31, 2.33, 2.35, 2.37, 2.39, 2.41, 2.43, 2.45, 2.47, 2.48, 2.50, 2.51, 2.52, 2.53, 2.54, 2.55, 2.56, 2.56, 2.56, 2.56, 2.56, 2.56, 2.56, 2.55, 2.54, 2.53, 2.52, 2.51, 2.50, 2.48, 2.47, 2.45, 2.43, 2.41, 2.39, 2.37, 2.35, 2.33, 2.31, 2.28, 2.26, 2.23, 2.21, 2.18, 2.16, 2.13, 2.11, 2.08, 2.06, 2.03, 2.01, 1.98, 1.96, 1.93, 1.91, 1.88, 1.86, 1.84, 1.81, 1.79, 1.77, 1.74, 1.72, 1.70, 1.68, 1.66, 1.64, 1.62, 1.60, 
1.59, 1.61, 1.63, 1.65, 1.68, 1.70, 1.72, 1.74, 1.77, 1.79, 1.81, 1.84, 1.86, 1.89, 1.91, 1.94, 1.96, 1.99, 2.01, 2.04, 2.07, 2.09, 2.12, 2.15, 2.17, 2.20, 2.22, 2.25, 2.28, 2.30, 2.33, 2.35, 2.38, 2.40, 2.43, 2.45, 2.47, 2.49, 2.51, 2.53, 2.54, 2.56, 2.58, 2.59, 2.60, 2.61, 2.62, 2.62, 2.63, 2.63, 2.63, 2.63, 2.63, 2.62, 2.62, 2.61, 2.60, 2.59, 2.58, 2.56, 2.54, 2.53, 2.51, 2.49, 2.47, 2.45, 2.43, 2.40, 2.38, 2.35, 2.33, 2.30, 2.28, 2.25, 2.22, 2.20, 2.17, 2.15, 2.12, 2.09, 2.07, 2.04, 2.01, 1.99, 1.96, 1.94, 1.91, 1.89, 1.86, 1.84, 1.81, 1.79, 1.77, 1.74, 1.72, 1.70, 1.68, 1.65, 1.63, 1.61, 
1.61, 1.63, 1.65, 1.67, 1.69, 1.72, 1.74, 1.76, 1.79, 1.81, 1.84, 1.86, 1.89, 1.91, 1.94, 1.96, 1.99, 2.02, 2.04, 2.07, 2.10, 2.13, 2.16, 2.18, 2.21, 2.24, 2.27, 2.30, 2.32, 2.35, 2.38, 2.40, 2.43, 2.46, 2.48, 2.50, 2.53, 2.55, 2.57, 2.59, 2.61, 2.63, 2.64, 2.66, 2.67, 2.68, 2.69, 2.69, 2.70, 2.70, 2.70, 2.70, 2.70, 2.69, 2.69, 2.68, 2.67, 2.66, 2.64, 2.63, 2.61, 2.59, 2.57, 2.55, 2.53, 2.50, 2.48, 2.46, 2.43, 2.40, 2.38, 2.35, 2.32, 2.30, 2.27, 2.24, 2.21, 2.18, 2.16, 2.13, 2.10, 2.07, 2.04, 2.02, 1.99, 1.96, 1.94, 1.91, 1.89, 1.86, 1.84, 1.81, 1.79, 1.76, 1.74, 1.72, 1.69, 1.67, 1.65, 1.63, 
1.62, 1.64, 1.67, 1.69, 1.71, 1.74, 1.76, 1.78, 1.81, 1.83, 1.86, 1.88, 1.91, 1.94, 1.96, 1.99, 2.02, 2.05, 2.08, 2.10, 2.13, 2.16, 2.19, 2.22, 2.25, 2.28, 2.31, 2.34, 2.37, 2.40, 2.43, 2.46, 2.48, 2.51, 2.54, 2.56, 2.59, 2.61, 2.64, 2.66, 2.68, 2.69, 2.71, 2.73, 2.74, 2.75, 2.76, 2.77, 2.77, 2.78, 2.78, 2.78, 2.77, 2.77, 2.76, 2.75, 2.74, 2.73, 2.71, 2.69, 2.68, 2.66, 2.64, 2.61, 2.59, 2.56, 2.54, 2.51, 2.48, 2.46, 2.43, 2.40, 2.37, 2.34, 2.31, 2.28, 2.25, 2.22, 2.19, 2.16, 2.13, 2.10, 2.08, 2.05, 2.02, 1.99, 1.96, 1.94, 1.91, 1.88, 1.86, 1.83, 1.81, 1.78, 1.76, 1.74, 1.71, 1.69, 1.67, 1.64, 
1.64, 1.66, 1.68, 1.71, 1.73, 1.75, 1.78, 1.80, 1.83, 1.86, 1.88, 1.91, 1.94, 1.96, 1.99, 2.02, 2.05, 2.08, 2.11, 2.14, 2.17, 2.20, 2.23, 2.26, 2.29, 2.32, 2.36, 2.39, 2.42, 2.45, 2.48, 2.51, 2.54, 2.57, 2.60, 2.63, 2.65, 2.68, 2.70, 2.73, 2.75, 2.77, 2.79, 2.80, 2.82, 2.83, 2.84, 2.85, 2.85, 2.86, 2.86, 2.86, 2.85, 2.85, 2.84, 2.83, 2.82, 2.80, 2.79, 2.77, 2.75, 2.73, 2.70, 2.68, 2.65, 2.63, 2.60, 2.57, 2.54, 2.51, 2.48, 2.45, 2.42, 2.39, 2.36, 2.32, 2.29, 2.26, 2.23, 2.20, 2.17, 2.14, 2.11, 2.08, 2.05, 2.02, 1.99, 1.96, 1.94, 1.91, 1.88, 1.86, 1.83, 1.80, 1.78, 1.75, 1.73, 1.71, 1.68, 1.66, 
1.65, 1.68, 1.70, 1.72, 1.75, 1.77, 1.80, 1.82, 1.85, 1.88, 1.90, 1.93, 1.96, 1.99, 2.02, 2.05, 2.08, 2.11, 2.14, 2.17, 2.21, 2.24, 2.27, 2.30, 2.34, 2.37, 2.40, 2.44, 2.47, 2.50, 2.54, 2.57, 2.60, 2.63, 2.66, 2.69, 2.72, 2.75, 2.77, 2.80, 2.82, 2.84, 2.86, 2.88, 2.90, 2.91, 2.92, 2.93, 2.94, 2.94, 2.94, 2.94, 2.94, 2.93, 2.92, 2.91, 2.90, 2.88, 2.86, 2.84, 2.82, 2.80, 2.77, 2.75, 2.72, 2.69, 2.66, 2.63, 2.60, 2.57, 2.54, 2.50, 2.47, 2.44, 2.40, 2.37, 2.34, 2.30, 2.27, 2.24, 2.21, 2.17, 2.14, 2.11, 2.08, 2.05, 2.02, 1.99, 1.96, 1.93, 1.90, 1.88, 1.85, 1.82, 1.80, 1.77, 1.75, 1.72, 1.70, 1.68, 
1.67, 1.69, 1.72, 1.74, 1.77, 1.79, 1.82, 1.84, 1.87, 1.90, 1.93, 1.96, 1.99, 2.02, 2.05, 2.08, 2.11, 2.14, 2.18, 2.21, 2.24, 2.28, 2.31, 2.35, 2.38, 2.42, 2.45, 2.49, 2.52, 2.56, 2.59, 2.63, 2.66, 2.69, 2.73, 2.76, 2.79, 2.82, 2.85, 2.87, 2.90, 2.92, 2.95, 2.96, 2.98, 3.00, 3.01, 3.02, 3.02, 3.03, 3.03, 3.03, 3.02, 3.02, 3.01, 3.00, 2.98, 2.96, 2.95, 2.92, 2.90, 2.87, 2.85, 2.82, 2.79, 2.76, 2.73, 2.69, 2.66, 2.63, 2.59, 2.56, 2.52, 2.49, 2.45, 2.42, 2.38, 2.35, 2.31, 2.28, 2.24, 2.21, 2.18, 2.14, 2.11, 2.08, 2.05, 2.02, 1.99, 1.96, 1.93, 1.90, 1.87, 1.84, 1.82, 1.79, 1.77, 1.74, 1.72, 1.69, 
1.68, 1.71, 1.73, 1.76, 1.78, 1.81, 1.84, 1.87, 1.89, 1.92, 1.95, 1.98, 2.01, 2.04, 2.08, 2.11, 2.14, 2.18, 2.21, 2.24, 2.28, 2.32, 2.35, 2.39, 2.43, 2.46, 2.50, 2.54, 2.58, 2.61, 2.65, 2.69, 2.72, 2.76, 2.80, 2.83, 2.86, 2.90, 2.93, 2.96, 2.98, 3.01, 3.03, 3.05, 3.07, 3.09, 3.10, 3.11, 3.12, 3.12, 3.13, 3.12, 3.12, 3.11, 3.10, 3.09, 3.07, 3.05, 3.03, 3.01, 2.98, 2.96, 2.93, 2.90, 2.86, 2.83, 2.80, 2.76, 2.72, 2.69, 2.65, 2.61, 2.58, 2.54, 2.50, 2.46, 2.43, 2.39, 2.35, 2.32, 2.28, 2.24, 2.21, 2.18, 2.14, 2.11, 2.08, 2.04, 2.01, 1.98, 1.95, 1.92, 1.89, 1.87, 1.84, 1.81, 1.78, 1.76, 1.73, 1.71, 
1.70, 1.72, 1.75, 1.78, 1.80, 1.83, 1.86, 1.89, 1.92, 1.95, 1.98, 2.01, 2.04, 2.07, 2.10, 2.14, 2.17, 2.21, 2.24, 2.28, 2.32, 2.36, 2.39, 2.43, 2.47, 2.51, 2.55, 2.59, 2.63, 2.67, 2.71, 2.75, 2.79, 2.83, 2.87, 2.90, 2.94, 2.97, 3.01, 3.04, 3.07, 3.10, 3.12, 3.15, 3.17, 3.18, 3.20, 3.21, 3.22, 3.22, 3.23, 3.22, 3.22, 3.21, 3.20, 3.18, 3.17, 3.15, 3.12, 3.10, 3.07, 3.04, 3.01, 2.97, 2.94, 2.90, 2.87, 2.83, 2.79, 2.75, 2.71, 2.67, 2.63, 2.59, 2.55, 2.51, 2.47, 2.43, 2.39, 2.36, 2.32, 2.28, 2.24, 2.21, 2.17, 2.14, 2.10, 2.07, 2.04, 2.01, 1.98, 1.95, 1.92, 1.89, 1.86, 1.83, 1.80, 1.78, 1.75, 1.72, 
1.71, 1.74, 1.77, 1.79, 1.82, 1.85, 1.88, 1.91, 1.94, 1.97, 2.00, 2.03, 2.07, 2.10, 2.13, 2.17, 2.21, 2.24, 2.28, 2.32, 2.36, 2.40, 2.44, 2.48, 2.52, 2.56, 2.60, 2.65, 2.69, 2.73, 2.77, 2.82, 2.86, 2.90, 2.94, 2.98, 3.02, 3.06, 3.09, 3.13, 3.16, 3.19, 3.22, 3.25, 3.27, 3.29, 3.30, 3.32, 3.33, 3.33, 3.33, 3.33, 3.33, 3.32, 3.30, 3.29, 3.27, 3.25, 3.22, 3.19, 3.16, 3.13, 3.09, 3.06, 3.02, 2.98, 2.94, 2.90, 2.86, 2.82, 2.77, 2.73, 2.69, 2.65, 2.60, 2.56, 2.52, 2.48, 2.44, 2.40, 2.36, 2.32, 2.28, 2.24, 2.21, 2.17, 2.13, 2.10, 2.07, 2.03, 2.00, 1.97, 1.94, 1.91, 1.88, 1.85, 1.82, 1.79, 1.77, 1.74, 
1.73, 1.76, 1.78, 1.81, 1.84, 1.87, 1.90, 1.93, 1.96, 1.99, 2.02, 2.06, 2.09, 2.13, 2.16, 2.20, 2.24, 2.28, 2.32, 2.36, 2.40, 2.44, 2.48, 2.52, 2.57, 2.61, 2.66, 2.70, 2.75, 2.79, 2.84, 2.88, 2.93, 2.97, 3.02, 3.06, 3.11, 3.15, 3.19, 3.22, 3.26, 3.29, 3.32, 3.35, 3.38, 3.40, 3.42, 3.43, 3.44, 3.45, 3.45, 3.45, 3.44, 3.43, 3.42, 3.40, 3.38, 3.35, 3.32, 3.29, 3.26, 3.22, 3.19, 3.15, 3.11, 3.06, 3.02, 2.97, 2.93, 2.88, 2.84, 2.79, 2.75, 2.70, 2.66, 2.61, 2.57, 2.52, 2.48, 2.44, 2.40, 2.36, 2.32, 2.28, 2.24, 2.20, 2.16, 2.13, 2.09, 2.06, 2.02, 1.99, 1.96, 1.93, 1.90, 1.87, 1.84, 1.81, 1.78, 1.76, 
1.75, 1.77, 1.80, 1.83, 1.86, 1.89, 1.92, 1.95, 1.98, 2.01, 2.05, 2.08, 2.12, 2.16, 2.19, 2.23, 2.27, 2.31, 2.35, 2.39, 2.44, 2.48, 2.53, 2.57, 2.62, 2.66, 2.71, 2.76, 2.81, 2.86, 2.91, 2.96, 3.00, 3.05, 3.10, 3.15, 3.19, 3.24, 3.28, 3.32, 3.36, 3.40, 3.43, 3.46, 3.49, 3.52, 3.54, 3.55, 3.56, 3.57, 3.57, 3.57, 3.56, 3.55, 3.54, 3.52, 3.49, 3.46, 3.43, 3.40, 3.36, 3.32, 3.28, 3.24, 3.19, 3.15, 3.10, 3.05, 3.00, 2.96, 2.91, 2.86, 2.81, 2.76, 2.71, 2.66, 2.62, 2.57, 2.53, 2.48, 2.44, 2.39, 2.35, 2.31, 2.27, 2.23, 2.19, 2.16, 2.12, 2.08, 2.05, 2.01, 1.98, 1.95, 1.92, 1.89, 1.86, 1.83, 1.80, 1.77, 
1.76, 1.79, 1.82, 1.84, 1.87, 1.91, 1.94, 1.97, 2.00, 2.04, 2.07, 2.11, 2.15, 2.18, 2.22, 2.26, 2.30, 2.35, 2.39, 2.43, 2.48, 2.52, 2.57, 2.62, 2.67, 2.72, 2.77, 2.82, 2.87, 2.92, 2.98, 3.03, 3.08, 3.13, 3.19, 3.24, 3.29, 3.34, 3.38, 3.43, 3.47, 3.51, 3.55, 3.59, 3.62, 3.64, 3.66, 3.68, 3.69, 3.70, 3.70, 3.70, 3.69, 3.68, 3.66, 3.64, 3.62, 3.59, 3.55, 3.51, 3.47, 3.43, 3.38, 3.34, 3.29, 3.24, 3.19, 3.13, 3.08, 3.03, 2.98, 2.92, 2.87, 2.82, 2.77, 2.72, 2.67, 2.62, 2.57, 2.52, 2.48, 2.43, 2.39, 2.35, 2.30, 2.26, 2.22, 2.18, 2.15, 2.11, 2.07, 2.04, 2.00, 1.97, 1.94, 1.91, 1.87, 1.84, 1.82, 1.79, 
1.77, 1.80, 1.83, 1.86, 1.89, 1.92, 1.96, 1.99, 2.02, 2.06, 2.10, 2.13, 2.17, 2.21, 2.25, 2.29, 2.34, 2.38, 2.43, 2.47, 2.52, 2.57, 2.62, 2.67, 2.72, 2.77, 2.83, 2.88, 2.94, 2.99, 3.05, 3.11, 3.16, 3.22, 3.28, 3.33, 3.39, 3.44, 3.49, 3.54, 3.59, 3.63, 3.68, 3.71, 3.75, 3.78, 3.80, 3.82, 3.83, 3.84, 3.85, 3.84, 3.83, 3.82, 3.80, 3.78, 3.75, 3.71, 3.68, 3.63, 3.59, 3.54, 3.49, 3.44, 3.39, 3.33, 3.28, 3.22, 3.16, 3.11, 3.05, 2.99, 2.94, 2.88, 2.83, 2.77, 2.72, 2.67, 2.62, 2.57, 2.52, 2.47, 2.43, 2.38, 2.34, 2.29, 2.25, 2.21, 2.17, 2.13, 2.10, 2.06, 2.02, 1.99, 1.96, 1.92, 1.89, 1.86, 1.83, 1.80, 
1.79, 1.82, 1.85, 1.88, 1.91, 1.94, 1.98, 2.01, 2.05, 2.08, 2.12, 2.16, 2.20, 2.24, 2.28, 2.32, 2.37, 2.42, 2.46, 2.51, 2.56, 2.61, 2.66, 2.72, 2.77, 2.83, 2.89, 2.94, 3.00, 3.06, 3.12, 3.18, 3.25, 3.31, 3.37, 3.43, 3.49, 3.55, 3.61, 3.66, 3.71, 3.76, 3.81, 3.85, 3.89, 3.92, 3.95, 3.97, 3.99, 4.00, 4.00, 4.00, 3.99, 3.97, 3.95, 3.92, 3.89, 3.85, 3.81, 3.76, 3.71, 3.66, 3.61, 3.55, 3.49, 3.43, 3.37, 3.31, 3.25, 3.18, 3.12, 3.06, 3.00, 2.94, 2.89, 2.83, 2.77, 2.72, 2.66, 2.61, 2.56, 2.51, 2.46, 2.42, 2.37, 2.32, 2.28, 2.24, 2.20, 2.16, 2.12, 2.08, 2.05, 2.01, 1.98, 1.94, 1.91, 1.88, 1.85, 1.82, 
1.80, 1.83, 1.86, 1.89, 1.93, 1.96, 2.00, 2.03, 2.07, 2.10, 2.14, 2.18, 2.22, 2.27, 2.31, 2.36, 2.40, 2.45, 2.50, 2.55, 2.60, 2.66, 2.71, 2.77, 2.83, 2.89, 2.95, 3.01, 3.07, 3.14, 3.20, 3.27, 3.33, 3.40, 3.47, 3.53, 3.60, 3.66, 3.73, 3.79, 3.85, 3.90, 3.95, 4.00, 4.04, 4.08, 4.11, 4.13, 4.15, 4.16, 4.17, 4.16, 4.15, 4.13, 4.11, 4.08, 4.04, 4.00, 3.95, 3.90, 3.85, 3.79, 3.73, 3.66, 3.60, 3.53, 3.47, 3.40, 3.33, 3.27, 3.20, 3.14, 3.07, 3.01, 2.95, 2.89, 2.83, 2.77, 2.71, 2.66, 2.60, 2.55, 2.50, 2.45, 2.40, 2.36, 2.31, 2.27, 2.22, 2.18, 2.14, 2.10, 2.07, 2.03, 2.00, 1.96, 1.93, 1.89, 1.86, 1.83, 
1.82, 1.85, 1.88, 1.91, 1.94, 1.98, 2.01, 2.05, 2.09, 2.13, 2.17, 2.21, 2.25, 2.30, 2.34, 2.39, 2.44, 2.49, 2.54, 2.59, 2.65, 2.70, 2.76, 2.82, 2.88, 2.94, 3.01, 3.07, 3.14, 3.21, 3.28, 3.35, 3.42, 3.50, 3.57, 3.64, 3.71, 3.79, 3.85, 3.92, 3.99, 4.05, 4.11, 4.16, 4.21, 4.25, 4.28, 4.31, 4.33, 4.34, 4.35, 4.34, 4.33, 4.31, 4.28, 4.25, 4.21, 4.16, 4.11, 4.05, 3.99, 3.92, 3.85, 3.79, 3.71, 3.64, 3.57, 3.50, 3.42, 3.35, 3.28, 3.21, 3.14, 3.07, 3.01, 2.94, 2.88, 2.82, 2.76, 2.70, 2.65, 2.59, 2.54, 2.49, 2.44, 2.39, 2.34, 2.30, 2.25, 2.21, 2.17, 2.13, 2.09, 2.05, 2.01, 1.98, 1.94, 1.91, 1.88, 1.85, 
1.83, 1.86, 1.89, 1.93, 1.96, 2.00, 2.03, 2.07, 2.11, 2.15, 2.19, 2.23, 2.28, 2.32, 2.37, 2.42, 2.47, 2.52, 2.58, 2.63, 2.69, 2.75, 2.81, 2.87, 2.94, 3.00, 3.07, 3.14, 3.21, 3.29, 3.36, 3.44, 3.52, 3.60, 3.68, 3.76, 3.83, 3.91, 3.99, 4.07, 4.14, 4.21, 4.27, 4.33, 4.39, 4.43, 4.47, 4.50, 4.53, 4.54, 4.55, 4.54, 4.53, 4.50, 4.47, 4.43, 4.39, 4.33, 4.27, 4.21, 4.14, 4.07, 3.99, 3.91, 3.83, 3.76, 3.68, 3.60, 3.52, 3.44, 3.36, 3.29, 3.21, 3.14, 3.07, 3.00, 2.94, 2.87, 2.81, 2.75, 2.69, 2.63, 2.58, 2.52, 2.47, 2.42, 2.37, 2.32, 2.28, 2.23, 2.19, 2.15, 2.11, 2.07, 2.03, 2.00, 1.96, 1.93, 1.89, 1.86, 
1.84, 1.88, 1.91, 1.94, 1.98, 2.01, 2.05, 2.09, 2.13, 2.17, 2.21, 2.26, 2.30, 2.35, 2.40, 2.45, 2.50, 2.56, 2.61, 2.67, 2.73, 2.79, 2.86, 2.92, 2.99, 3.06, 3.14, 3.21, 3.29, 3.37, 3.45, 3.53, 3.62, 3.70, 3.79, 3.87, 3.96, 4.05, 4.13, 4.22, 4.30, 4.38, 4.45, 4.52, 4.58, 4.63, 4.68, 4.71, 4.74, 4.76, 4.76, 4.76, 4.74, 4.71, 4.68, 4.63, 4.58, 4.52, 4.45, 4.38, 4.30, 4.22, 4.13, 4.05, 3.96, 3.87, 3.79, 3.70, 3.62, 3.53, 3.45, 3.37, 3.29, 3.21, 3.14, 3.06, 2.99, 2.92, 2.86, 2.79, 2.73, 2.67, 2.61, 2.56, 2.50, 2.45, 2.40, 2.35, 2.30, 2.26, 2.21, 2.17, 2.13, 2.09, 2.05, 2.01, 1.98, 1.94, 1.91, 1.88, 
1.86, 1.89, 1.92, 1.96, 1.99, 2.03, 2.07, 2.11, 2.15, 2.19, 2.24, 2.28, 2.33, 2.38, 2.43, 2.48, 2.54, 2.59, 2.65, 2.71, 2.77, 2.84, 2.91, 2.98, 3.05, 3.12, 3.20, 3.28, 3.36, 3.45, 3.54, 3.62, 3.72, 3.81, 3.90, 4.00, 4.10, 4.19, 4.29, 4.38, 4.47, 4.56, 4.64, 4.72, 4.79, 4.85, 4.90, 4.94, 4.98, 4.99, 5.00, 4.99, 4.98, 4.94, 4.90, 4.85, 4.79, 4.72, 4.64, 4.56, 4.47, 4.38, 4.29, 4.19, 4.10, 4.00, 3.90, 3.81, 3.72, 3.62, 3.54, 3.45, 3.36, 3.28, 3.20, 3.12, 3.05, 2.98, 2.91, 2.84, 2.77, 2.71, 2.65, 2.59, 2.54, 2.48, 2.43, 2.38, 2.33, 2.28, 2.24, 2.19, 2.15, 2.11, 2.07, 2.03, 1.99, 1.96, 1.92, 1.89, 
1.87, 1.90, 1.94, 1.97, 2.01, 2.05, 2.09, 2.13, 2.17, 2.21, 2.26, 2.31, 2.35, 2.40, 2.46, 2.51, 2.57, 2.63, 2.69, 2.75, 2.82, 2.88, 2.96, 3.03, 3.11, 3.18, 3.27, 3.35, 3.44, 3.53, 3.62, 3.72, 3.82, 3.92, 4.03, 4.13, 4.24, 4.34, 4.45, 4.55, 4.66, 4.76, 4.85, 4.94, 5.02, 5.09, 5.15, 5.20, 5.23, 5.26, 5.26, 5.26, 5.23, 5.20, 5.15, 5.09, 5.02, 4.94, 4.85, 4.76, 4.66, 4.55, 4.45, 4.34, 4.24, 4.13, 4.03, 3.92, 3.82, 3.72, 3.62, 3.53, 3.44, 3.35, 3.27, 3.18, 3.11, 3.03, 2.96, 2.88, 2.82, 2.75, 2.69, 2.63, 2.57, 2.51, 2.46, 2.40, 2.35, 2.31, 2.26, 2.21, 2.17, 2.13, 2.09, 2.05, 2.01, 1.97, 1.94, 1.90, 
1.88, 1.92, 1.95, 1.99, 2.02, 2.06, 2.10, 2.15, 2.19, 2.23, 2.28, 2.33, 2.38, 2.43, 2.48, 2.54, 2.60, 2.66, 2.72, 2.79, 2.86, 2.93, 3.00, 3.08, 3.16, 3.25, 3.33, 3.42, 3.52, 3.62, 3.72, 3.82, 3.93, 4.04, 4.15, 4.27, 4.39, 4.50, 4.62, 4.74, 4.86, 4.97, 5.08, 5.18, 5.27, 5.35, 5.42, 5.48, 5.52, 5.55, 5.56, 5.55, 5.52, 5.48, 5.42, 5.35, 5.27, 5.18, 5.08, 4.97, 4.86, 4.74, 4.62, 4.50, 4.39, 4.27, 4.15, 4.04, 3.93, 3.82, 3.72, 3.62, 3.52, 3.42, 3.33, 3.25, 3.16, 3.08, 3.00, 2.93, 2.86, 2.79, 2.72, 2.66, 2.60, 2.54, 2.48, 2.43, 2.38, 2.33, 2.28, 2.23, 2.19, 2.15, 2.10, 2.06, 2.02, 1.99, 1.95, 1.92, 
1.89, 1.93, 1.96, 2.00, 2.04, 2.08, 2.12, 2.16, 2.21, 2.25, 2.30, 2.35, 2.40, 2.46, 2.51, 2.57, 2.63, 2.69, 2.76, 2.83, 2.90, 2.97, 3.05, 3.13, 3.22, 3.31, 3.40, 3.50, 3.60, 3.70, 3.81, 3.92, 4.04, 4.16, 4.28, 4.41, 4.54, 4.67, 4.81, 4.94, 5.07, 5.20, 5.32, 5.44, 5.55, 5.64, 5.73, 5.79, 5.84, 5.87, 5.88, 5.87, 5.84, 5.79, 5.73, 5.64, 5.55, 5.44, 5.32, 5.20, 5.07, 4.94, 4.81, 4.67, 4.54, 4.41, 4.28, 4.16, 4.04, 3.92, 3.81, 3.70, 3.60, 3.50, 3.40, 3.31, 3.22, 3.13, 3.05, 2.97, 2.90, 2.83, 2.76, 2.69, 2.63, 2.57, 2.51, 2.46, 2.40, 2.35, 2.30, 2.25, 2.21, 2.16, 2.12, 2.08, 2.04, 2.00, 1.96, 1.93, 
1.90, 1.94, 1.98, 2.01, 2.05, 2.09, 2.14, 2.18, 2.22, 2.27, 2.32, 2.37, 2.43, 2.48, 2.54, 2.60, 2.66, 2.73, 2.80, 2.87, 2.94, 3.02, 3.10, 3.19, 3.28, 3.37, 3.47, 3.57, 3.68, 3.79, 3.90, 4.03, 4.15, 4.28, 4.42, 4.56, 4.70, 4.85, 5.00, 5.15, 5.30, 5.45, 5.59, 5.73, 5.85, 5.97, 6.06, 6.14, 6.20, 6.24, 6.25, 6.24, 6.20, 6.14, 6.06, 5.97, 5.85, 5.73, 5.59, 5.45, 5.30, 5.15, 5.00, 4.85, 4.70, 4.56, 4.42, 4.28, 4.15, 4.03, 3.90, 3.79, 3.68, 3.57, 3.47, 3.37, 3.28, 3.19, 3.10, 3.02, 2.94, 2.87, 2.80, 2.73, 2.66, 2.60, 2.54, 2.48, 2.43, 2.37, 2.32, 2.27, 2.22, 2.18, 2.14, 2.09, 2.05, 2.01, 1.98, 1.94, 
1.92, 1.95, 1.99, 2.03, 2.07, 2.11, 2.15, 2.20, 2.24, 2.29, 2.34, 2.39, 2.45, 2.50, 2.56, 2.63, 2.69, 2.76, 2.83, 2.90, 2.98, 3.06, 3.15, 3.24, 3.33, 3.43, 3.53, 3.64, 3.76, 3.87, 4.00, 4.13, 4.27, 4.41, 4.56, 4.71, 4.87, 5.04, 5.21, 5.38, 5.55, 5.72, 5.88, 6.04, 6.19, 6.32, 6.44, 6.54, 6.61, 6.65, 6.67, 6.65, 6.61, 6.54, 6.44, 6.32, 6.19, 6.04, 5.88, 5.72, 5.55, 5.38, 5.21, 5.04, 4.87, 4.71, 4.56, 4.41, 4.27, 4.13, 4.00, 3.87, 3.76, 3.64, 3.53, 3.43, 3.33, 3.24, 3.15, 3.06, 2.98, 2.90, 2.83, 2.76, 2.69, 2.63, 2.56, 2.50, 2.45, 2.39, 2.34, 2.29, 2.24, 2.20, 2.15, 2.11, 2.07, 2.03, 1.99, 1.95, 
1.93, 1.96, 2.00, 2.04, 2.08, 2.12, 2.17, 2.21, 2.26, 2.31, 2.36, 2.41, 2.47, 2.53, 2.59, 2.65, 2.72, 2.79, 2.86, 2.94, 3.02, 3.11, 3.19, 3.29, 3.39, 3.49, 3.60, 3.71, 3.83, 3.96, 4.10, 4.24, 4.39, 4.54, 4.70, 4.87, 5.05, 5.23, 5.42, 5.62, 5.81, 6.01, 6.20, 6.39, 6.57, 6.73, 6.87, 6.98, 7.07, 7.12, 7.14, 7.12, 7.07, 6.98, 6.87, 6.73, 6.57, 6.39, 6.20, 6.01, 5.81, 5.62, 5.42, 5.23, 5.05, 4.87, 4.70, 4.54, 4.39, 4.24, 4.10, 3.96, 3.83, 3.71, 3.60, 3.49, 3.39, 3.29, 3.19, 3.11, 3.02, 2.94, 2.86, 2.79, 2.72, 2.65, 2.59, 2.53, 2.47, 2.41, 2.36, 2.31, 2.26, 2.21, 2.17, 2.12, 2.08, 2.04, 2.00, 1.96, 
1.94, 1.97, 2.01, 2.05, 2.09, 2.13, 2.18, 2.23, 2.27, 2.32, 2.38, 2.43, 2.49, 2.55, 2.61, 2.68, 2.75, 2.82, 2.90, 2.97, 3.06, 3.15, 3.24, 3.34, 3.44, 3.55, 3.66, 3.79, 3.91, 4.05, 4.19, 4.34, 4.50, 4.67, 4.85, 5.04, 5.23, 5.44, 5.65, 5.87, 6.10, 6.32, 6.55, 6.77, 6.98, 7.18, 7.35, 7.50, 7.60, 7.67, 7.69, 7.67, 7.60, 7.50, 7.35, 7.18, 6.98, 6.77, 6.55, 6.32, 6.10, 5.87, 5.65, 5.44, 5.23, 5.04, 4.85, 4.67, 4.50, 4.34, 4.19, 4.05, 3.91, 3.79, 3.66, 3.55, 3.44, 3.34, 3.24, 3.15, 3.06, 2.97, 2.90, 2.82, 2.75, 2.68, 2.61, 2.55, 2.49, 2.43, 2.38, 2.32, 2.27, 2.23, 2.18, 2.13, 2.09, 2.05, 2.01, 1.97, 
1.94, 1.98, 2.02, 2.06, 2.10, 2.15, 2.19, 2.24, 2.29, 2.34, 2.39, 2.45, 2.51, 2.57, 2.64, 2.70, 2.77, 2.85, 2.93, 3.01, 3.09, 3.19, 3.28, 3.38, 3.49, 3.61, 3.73, 3.85, 3.99, 4.13, 4.29, 4.45, 4.62, 4.81, 5.00, 5.21, 5.42, 5.65, 5.89, 6.14, 6.40, 6.67, 6.93, 7.20, 7.45, 7.69, 7.91, 8.08, 8.22, 8.30, 8.33, 8.30, 8.22, 8.08, 7.91, 7.69, 7.45, 7.20, 6.93, 6.67, 6.40, 6.14, 5.89, 5.65, 5.42, 5.21, 5.00, 4.81, 4.62, 4.45, 4.29, 4.13, 3.99, 3.85, 3.73, 3.61, 3.49, 3.38, 3.28, 3.19, 3.09, 3.01, 2.93, 2.85, 2.77, 2.70, 2.64, 2.57, 2.51, 2.45, 2.39, 2.34, 2.29, 2.24, 2.19, 2.15, 2.10, 2.06, 2.02, 1.98, 
1.95, 1.99, 2.03, 2.07, 2.11, 2.16, 2.20, 2.25, 2.30, 2.36, 2.41, 2.47, 2.53, 2.59, 2.66, 2.73, 2.80, 2.87, 2.96, 3.04, 3.13, 3.22, 3.32, 3.43, 3.54, 3.66, 3.79, 3.92, 4.07, 4.22, 4.38, 4.55, 4.74, 4.94, 5.15, 5.38, 5.62, 5.87, 6.14, 6.43, 6.73, 7.04, 7.35, 7.67, 7.98, 8.28, 8.54, 8.77, 8.94, 9.05, 9.09, 9.05, 8.94, 8.77, 8.54, 8.28, 7.98, 7.67, 7.35, 7.04, 6.73, 6.43, 6.14, 5.87, 5.62, 5.38, 5.15, 4.94, 4.74, 4.55, 4.38, 4.22, 4.07, 3.92, 3.79, 3.66, 3.54, 3.43, 3.32, 3.22, 3.13, 3.04, 2.96, 2.87, 2.80, 2.73, 2.66, 2.59, 2.53, 2.47, 2.41, 2.36, 2.30, 2.25, 2.20, 2.16, 2.11, 2.07, 2.03, 1.99, 
1.96, 2.00, 2.04, 2.08, 2.12, 2.17, 2.22, 2.27, 2.32, 2.37, 2.43, 2.48, 2.54, 2.61, 2.68, 2.75, 2.82, 2.90, 2.98, 3.07, 3.16, 3.26, 3.36, 3.47, 3.59, 3.71, 3.85, 3.99, 4.14, 4.30, 4.47, 4.66, 4.86, 5.07, 5.30, 5.55, 5.81, 6.10, 6.40, 6.73, 7.07, 7.43, 7.81, 8.19, 8.57, 8.94, 9.28, 9.58, 9.81, 9.95, 10.00, 9.95, 9.81, 9.58, 9.28, 8.94, 8.57, 8.19, 7.81, 7.43, 7.07, 6.73, 6.40, 6.10, 5.81, 5.55, 5.30, 5.07, 4.86, 4.66, 4.47, 4.30, 4.14, 3.99, 3.85, 3.71, 3.59, 3.47, 3.36, 3.26, 3.16, 3.07, 2.98, 2.90, 2.82, 2.75, 2.68, 2.61, 2.54, 2.48, 2.43, 2.37, 2.32, 2.27, 2.22, 2.17, 2.12, 2.08, 2.04, 2.00, 
1.97, 2.01, 2.05, 2.09, 2.13, 2.18, 2.23, 2.28, 2.33, 2.38, 2.44, 2.50, 2.56, 2.63, 2.69, 2.77, 2.84, 2.92, 3.01, 3.10, 3.19, 3.29, 3.40, 3.51, 3.63, 3.76, 3.90, 4.05, 4.21, 4.38, 4.56, 4.76, 4.97, 5.20, 5.45, 5.72, 6.01, 6.32, 6.67, 7.04, 7.43, 7.86, 8.30, 8.77, 9.25, 9.71, 10.15, 10.54, 10.85, 11.04, 11.11, 11.04, 10.85, 10.54, 10.15, 9.71, 9.25, 8.77, 8.30, 7.86, 7.43, 7.04, 6.67, 6.32, 6.01, 5.72, 5.45, 5.20, 4.97, 4.76, 4.56, 4.38, 4.21, 4.05, 3.90, 3.76, 3.63, 3.51, 3.40, 3.29, 3.19, 3.10, 3.01, 2.92, 2.84, 2.77, 2.69, 2.63, 2.56, 2.50, 2.44, 2.38, 2.33, 2.28, 2.23, 2.18, 2.13, 2.09, 2.05, 2.01, 
1.97, 2.01, 2.05, 2.10, 2.14, 2.19, 2.24, 2.29, 2.34, 2.39, 2.45, 2.51, 2.58, 2.64, 2.71, 2.79, 2.86, 2.95, 3.03, 3.12, 3.22, 3.32, 3.43, 3.55, 3.68, 3.81, 3.95, 4.11, 4.27, 4.45, 4.64, 4.85, 5.08, 5.32, 5.59, 5.88, 6.20, 6.55, 6.93, 7.35, 7.81, 8.30, 8.84, 9.41, 10.00, 10.60, 11.18, 11.70, 12.13, 12.40, 12.50, 12.40, 12.13, 11.70, 11.18, 10.60, 10.00, 9.41, 8.84, 8.30, 7.81, 7.35, 6.93, 6.55, 6.20, 5.88, 5.59, 5.32, 5.08, 4.85, 4.64, 4.45, 4.27, 4.11, 3.95, 3.81, 3.68, 3.55, 3.43, 3.32, 3.22, 3.12, 3.03, 2.95, 2.86, 2.79, 2.71, 2.64, 2.58, 2.51, 2.45, 2.39, 2.34, 2.29, 2.24, 2.19, 2.14, 2.10, 2.05, 2.01, 
1.98, 2.02, 2.06, 2.10, 2.15, 2.20, 2.24, 2.30, 2.35, 2.40, 2.46, 2.52, 2.59, 2.66, 2.73, 2.80, 2.88, 2.96, 3.05, 3.15, 3.25, 3.35, 3.46, 3.59, 3.71, 3.85, 4.00, 4.16, 4.33, 4.52, 4.72, 4.94, 5.18, 5.44, 5.73, 6.04, 6.39, 6.77, 7.20, 7.67, 8.19, 8.77, 9.41, 10.10, 10.85, 11.62, 12.40, 13.13, 13.74, 14.14, 14.29, 14.14, 13.74, 13.13, 12.40, 11.62, 10.85, 10.10, 9.41, 8.77, 8.19, 7.67, 7.20, 6.77, 6.39, 6.04, 5.73, 5.44, 5.18, 4.94, 4.72, 4.52, 4.33, 4.16, 4.00, 3.85, 3.71, 3.59, 3.46, 3.35, 3.25, 3.15, 3.05, 2.96, 2.88, 2.80, 2.73, 2.66, 2.59, 2.52, 2.46, 2.40, 2.35, 2.30, 2.24, 2.20, 2.15, 2.10, 2.06, 2.02, 
1.99, 2.03, 2.07, 2.11, 2.16, 2.20, 2.25, 2.30, 2.36, 2.41, 2.47, 2.53, 2.60, 2.67, 2.74, 2.82, 2.90, 2.98, 3.07, 3.17, 3.27, 3.38, 3.49, 3.62, 3.75, 3.89, 4.04, 4.21, 4.39, 4.58, 4.79, 5.02, 5.27, 5.55, 5.85, 6.19, 6.57, 6.98, 7.45, 7.98, 8.57, 9.25, 10.00, 10.85, 11.79, 12.80, 13.87, 14.91, 15.81, 16.44, 16.67, 16.44, 15.81, 14.91, 13.87, 12.80, 11.79, 10.85, 10.00, 9.25, 8.57, 7.98, 7.45, 6.98, 6.57, 6.19, 5.85, 5.55, 5.27, 5.02, 4.79, 4.58, 4.39, 4.21, 4.04, 3.89, 3.75, 3.62, 3.49, 3.38, 3.27, 3.17, 3.07, 2.98, 2.90, 2.82, 2.74, 2.67, 2.60, 2.53, 2.47, 2.41, 2.36, 2.30, 2.25, 2.20, 2.16, 2.11, 2.07, 2.03, 
1.99, 2.03, 2.07, 2.12, 2.16, 2.21, 2.26, 2.31, 2.36, 2.42, 2.48, 2.54, 2.61, 2.68, 2.75, 2.83, 2.91, 3.00, 3.09, 3.18, 3.29, 3.40, 3.52, 3.64, 3.78, 3.92, 4.08, 4.25, 4.43, 4.63, 4.85, 5.09, 5.35, 5.64, 5.97, 6.32, 6.73, 7.18, 7.69, 8.28, 8.94, 9.71, 10.60, 11.62, 12.80, 14.14, 15.62, 17.15, 18.57, 19.61, 20.00, 19.61, 18.57, 17.15, 15.62, 14.14, 12.80, 11.62, 10.60, 9.71, 8.94, 8.28, 7.69, 7.18, 6.73, 6.32, 5.97, 5.64, 5.35, 5.09, 4.85, 4.63, 4.43, 4.25, 4.08, 3.92, 3.78, 3.64, 3.52, 3.40, 3.29, 3.18, 3.09, 3.00, 2.91, 2.83, 2.75, 2.68, 2.61, 2.54, 2.48, 2.42, 2.36, 2.31, 2.26, 2.21, 2.16, 2.12, 2.07, 2.03, 
1.99, 2.03, 2.08, 2.12, 2.17, 2.21, 2.26, 2.32, 2.37, 2.43, 2.49, 2.55, 2.62, 2.69, 2.76, 2.84, 2.92, 3.01, 3.10, 3.20, 3.30, 3.42, 3.54, 3.66, 3.80, 3.95, 4.11, 4.28, 4.47, 4.68, 4.90, 5.15, 5.42, 5.73, 6.06, 6.44, 6.87, 7.35, 7.91, 8.54, 9.28, 10.15, 11.18, 12.40, 13.87, 15.62, 17.68, 20.00, 22.36, 24.25, 25.00, 24.25, 22.36, 20.00, 17.68, 15.62, 13.87, 12.40, 11.18, 10.15, 9.28, 8.54, 7.91, 7.35, 6.87, 6.44, 6.06, 5.73, 5.42, 5.15, 4.90, 4.68, 4.47, 4.28, 4.11, 3.95, 3.80, 3.66, 3.54, 3.42, 3.30, 3.20, 3.10, 3.01, 2.92, 2.84, 2.76, 2.69, 2.62, 2.55, 2.49, 2.43, 2.37, 2.32, 2.26, 2.21, 2.17, 2.12, 2.08, 2.03, 
2.00, 2.04, 2.08, 2.12, 2.17, 2.22, 2.27, 2.32, 2.37, 2.43, 2.49, 2.56, 2.62, 2.69, 2.77, 2.85, 2.93, 3.02, 3.11, 3.21, 3.32, 3.43, 3.55, 3.68, 3.82, 3.97, 4.13, 4.31, 4.50, 4.71, 4.94, 5.20, 5.48, 5.79, 6.14, 6.54, 6.98, 7.50, 8.08, 8.77, 9.58, 10.54, 11.70, 13.13, 14.91, 17.15, 20.00, 23.57, 27.74, 31.62, 33.33, 31.62, 27.74, 23.57, 20.00, 17.15, 14.91, 13.13, 11.70, 10.54, 9.58, 8.77, 8.08, 7.50, 6.98, 6.54, 6.14, 5.79, 5.48, 5.20, 4.94, 4.71, 4.50, 4.31, 4.13, 3.97, 3.82, 3.68, 3.55, 3.43, 3.32, 3.21, 3.11, 3.02, 2.93, 2.85, 2.77, 2.69, 2.62, 2.56, 2.49, 2.43, 2.37, 2.32, 2.27, 2.22, 2.17, 2.12, 2.08, 2.04, 
2.00, 2.04, 2.08, 2.13, 2.17, 2.22, 2.27, 2.32, 2.38, 2.44, 2.50, 2.56, 2.63, 2.70, 2.77, 2.85, 2.94, 3.02, 3.12, 3.22, 3.33, 3.44, 3.56, 3.69, 3.83, 3.99, 4.15, 4.33, 4.53, 4.74, 4.98, 5.23, 5.52, 5.84, 6.20, 6.61, 7.07, 7.60, 8.22, 8.94, 9.81, 10.85, 12.13, 13.74, 15.81, 18.57, 22.36, 27.74, 35.36, 44.72, 50.00, 44.72, 35.36, 27.74, 22.36, 18.57, 15.81, 13.74, 12.13, 10.85, 9.81, 8.94, 8.22, 7.60, 7.07, 6.61, 6.20, 5.84, 5.52, 5.23, 4.98, 4.74, 4.53, 4.33, 4.15, 3.99, 3.83, 3.69, 3.56, 3.44, 3.33, 3.22, 3.12, 3.02, 2.94, 2.85, 2.77, 2.70, 2.63, 2.56, 2.50, 2.44, 2.38, 2.32, 2.27, 2.22, 2.17, 2.13, 2.08, 2.04, 
2.00, 2.04, 2.08, 2.13, 2.17, 2.22, 2.27, 2.32, 2.38, 2.44, 2.50, 2.56, 2.63, 2.70, 2.78, 2.86, 2.94, 3.03, 3.12, 3.22, 3.33, 3.45, 3.57, 3.70, 3.84, 4.00, 4.16, 4.34, 4.54, 4.76, 4.99, 5.26, 5.55, 5.87, 6.24, 6.65, 7.12, 7.67, 8.30, 9.05, 9.95, 11.04, 12.40, 14.14, 16.44, 19.61, 24.25, 31.62, 44.72, 70.71, 100.00, 70.71, 44.72, 31.62, 24.25, 19.61, 16.44, 14.14, 12.40, 11.04, 9.95, 9.05, 8.30, 7.67, 7.12, 6.65, 6.24, 5.87, 5.55, 5.26, 4.99, 4.76, 4.54, 4.34, 4.16, 4.00, 3.84, 3.70, 3.57, 3.45, 3.33, 3.22, 3.12, 3.03, 2.94, 2.86, 2.78, 2.70, 2.63, 2.56, 2.50, 2.44, 2.38, 2.32, 2.27, 2.22, 2.17, 2.13, 2.08, 2.04, 
2.00, 2.04, 2.08, 2.13, 2.17, 2.22, 2.27, 2.33, 2.38, 2.44, 2.50, 2.56, 2.63, 2.70, 2.78, 2.86, 2.94, 3.03, 3.13, 3.23, 3.33, 3.45, 3.57, 3.70, 3.85, 4.00, 4.17, 4.35, 4.55, 4.76, 5.00, 5.26, 5.56, 5.88, 6.25, 6.67, 7.14, 7.69, 8.33, 9.09, 10.00, 11.11, 12.50, 14.29, 16.67, 20.00, 25.00, 33.33, 50.00, 100.00, 100.00, 100.00, 50.00, 33.33, 25.00, 20.00, 16.67, 14.29, 12.50, 11.11, 10.00, 9.09, 8.33, 7.69, 7.14, 6.67, 6.25, 5.88, 5.56, 5.26, 5.00, 4.76, 4.55, 4.35, 4.17, 4.00, 3.85, 3.70, 3.57, 3.45, 3.33, 3.23, 3.13, 3.03, 2.94, 2.86, 2.78, 2.70, 2.63, 2.56, 2.50, 2.44, 2.38, 2.33, 2.27, 2.22, 2.17, 2.13, 2.08, 2.04, 
2.00, 2.04, 2.08, 2.13, 2.17, 2.22, 2.27, 2.32, 2.38, 2.44, 2.50, 2.56, 2.63, 2.70, 2.78, 2.86, 2.94, 3.03, 3.12, 3.22, 3.33, 3.45, 3.57, 3.70, 3.84, 4.00, 4.16, 4.34, 4.54, 4.76, 4.99, 5.26, 5.55, 5.87, 6.24, 6.65, 7.12, 7.67, 8.30, 9.05, 9.95, 11.04, 12.40, 14.14, 16.44, 19.61, 24.25, 31.62, 44.72, 70.71, 100.00, 70.71, 44.72, 31.62, 24.25, 19.61, 16.44, 14.14, 12.40, 11.04, 9.95, 9.05, 8.30, 7.67, 7.12, 6.65, 6.24, 5.87, 5.55, 5.26, 4.99, 4.76, 4.54, 4.34, 4.16, 4.00, 3.84, 3.70, 3.57, 3.45, 3.33, 3.22, 3.12, 3.03, 2.94, 2.86, 2.78, 2.70, 2.63, 2.56, 2.50, 2.44, 2.38, 2.32, 2.27, 2.22, 2.17, 2.13, 2.08, 2.04, 
2.00, 2.04, 2.08, 2.13, 2.17, 2.22, 2.27, 2.32, 2.38, 2.44, 2.50, 2.56, 2.63, 2.70, 2.77, 2.85, 2.94, 3.02, 3.12, 3.22, 3.33, 3.44, 3.56, 3.69, 3.83, 3.99, 4.15, 4.33, 4.53, 4.74, 4.98, 5.23, 5.52, 5.84, 6.20, 6.61, 7.07, 7.60, 8.22, 8.94, 9.81, 10.85, 12.13, 13.74, 15.81, 18.57, 22.36, 27.74, 35.36, 44.72, 50.00, 44.72, 35.36, 27.74, 22.36, 18.57, 15.81, 13.74, 12.13, 10.85, 9.81, 8.94, 8.22, 7.60, 7.07, 6.61, 6.20, 5.84, 5.52, 5.23, 4.98, 4.74, 4.53, 4.33, 4.15, 3.99, 3.83, 3.69, 3.56, 3.44, 3.33, 3.22, 3.12, 3.02, 2.94, 2.85, 2.77, 2.70, 2.63, 2.56, 2.50, 2.44, 2.38, 2.32, 2.27, 2.22, 2.17, 2.13, 2.08, 2.04, 
2.00, 2.04, 2.08, 2.12, 2.17, 2.22, 2.27, 2.32, 2.37, 2.43, 2.49, 2.56, 2.62, 2.69, 2.77, 2.85, 2.93, 3.02, 3.11, 3.21, 3.32, 3.43, 3.55, 3.68, 3.82, 3.97, 4.13, 4.31, 4.50, 4.71, 4.94, 5.20, 5.48, 5.79, 6.14, 6.54, 6.98, 7.50, 8.08, 8.77, 9.58, 10.54, 11.70, 13.13, 14.91, 17.15, 20.00, 23.57, 27.74, 31.62, 33.33, 31.62, 27.74, 23.57, 20.00, 17.15, 14.91, 13.13, 11.70, 10.54, 9.58, 8.77, 8.08, 7.50, 6.98, 6.54, 6.14, 5.79, 5.48, 5.20, 4.94, 4.71, 4.50, 4.31, 4.13, 3.97, 3.82, 3.68, 3.55, 3.43, 3.32, 3.21, 3.11, 3.02, 2.93, 2.85, 2.77, 2.69, 2.62, 2.56, 2.49, 2.43, 2.37, 2.32, 2.27, 2.22, 2.17, 2.12, 2.08, 2.04, 
1.99, 2.03, 2.08, 2.12, 2.17, 2.21, 2.26, 2.32, 2.37, 2.43, 2.49, 2.55, 2.62, 2.69, 2.76, 2.84, 2.92, 3.01, 3.10, 3.20, 3.30, 3.42, 3.54, 3.66, 3.80, 3.95, 4.11, 4.28, 4.47, 4.68, 4.90, 5.15, 5.42, 5.73, 6.06, 6.44, 6.87, 7.35, 7.91, 8.54, 9.28, 10.15, 11.18, 12.40, 13.87, 15.62, 17.68, 20.00, 22.36, 24.25, 25.00, 24.25, 22.36, 20.00, 17.68, 15.62, 13.87, 12.40, 11.18, 10.15, 9.28, 8.54, 7.91, 7.35, 6.87, 6.44, 6.06, 5.73, 5.42, 5.15, 4.90, 4.68, 4.47, 4.28, 4.11, 3.95, 3.80, 3.66, 3.54, 3.42, 3.30, 3.20, 3.10, 3.01, 2.92, 2.84, 2.76, 2.69, 2.62, 2.55, 2.49, 2.43, 2.37, 2.32, 2.26, 2.21, 2.17, 2.12, 2.08, 2.03, 
1.99, 2.03, 2.07, 2.12, 2.16, 2.21, 2.26, 2.31, 2.36, 2.42, 2.48, 2.54, 2.61, 2.68, 2.75, 2.83, 2.91, 3.00, 3.09, 3.18, 3.29, 3.40, 3.52, 3.64, 3.78, 3.92, 4.08, 4.25, 4.43, 4.63, 4.85, 5.09, 5.35, 5.64, 5.97, 6.32, 6.73, 7.18, 7.69, 8.28, 8.94, 9.71, 10.60, 11.62, 12.80, 14.14, 15.62, 17.15, 18.57, 19.61, 20.00, 19.61, 18.57, 17.15, 15.62, 14.14, 12.80, 11.62, 10.60, 9.71, 8.94, 8.28, 7.69, 7.18, 6.73, 6.32, 5.97, 5.64, 5.35, 5.09, 4.85, 4.63, 4.43, 4.25, 4.08, 3.92, 3.78, 3.64, 3.52, 3.40, 3.29, 3.18, 3.09, 3.00, 2.91, 2.83, 2.75, 2.68, 2.61, 2.54, 2.48, 2.42, 2.36, 2.31, 2.26, 2.21, 2.16, 2.12, 2.07, 2.03, 
1.99, 2.03, 2.07, 2.11, 2.16, 2.20, 2.25, 2.30, 2.36, 2.41, 2.47, 2.53, 2.60, 2.67, 2.74, 2.82, 2.90, 2.98, 3.07, 3.17, 3.27, 3.38, 3.49, 3.62, 3.75, 3.89, 4.04, 4.21, 4.39, 4.58, 4.79, 5.02, 5.27, 5.55, 5.85, 6.19, 6.57, 6.98, 7.45, 7.98, 8.57, 9.25, 10.00, 10.85, 11.79, 12.80, 13.87, 14.91, 15.81, 16.44, 16.67, 16.44, 15.81, 14.91, 13.87, 12.80, 11.79, 10.85, 10.00, 9.25, 8.57, 7.98, 7.45, 6.98, 6.57, 6.19, 5.85, 5.55, 5.27, 5.02, 4.79, 4.58, 4.39, 4.21, 4.04, 3.89, 3.75, 3.62, 3.49, 3.38, 3.27, 3.17, 3.07, 2.98, 2.90, 2.82, 2.74, 2.67, 2.60, 2.53, 2.47, 2.41, 2.36, 2.30, 2.25, 2.20, 2.16, 2.11, 2.07, 2.03, 
1.98, 2.02, 2.06, 2.10, 2.15, 2.20, 2.24, 2.30, 2.35, 2.40, 2.46, 2.52, 2.59, 2.66, 2.73, 2.80, 2.88, 2.96, 3.05, 3.15, 3.25, 3.35, 3.46, 3.59, 3.71, 3.85, 4.00, 4.16, 4.33, 4.52, 4.72, 4.94, 5.18, 5.44, 5.73, 6.04, 6.39, 6.77, 7.20, 7.67, 8.19, 8.77, 9.41, 10.10, 10.85, 11.62, 12.40, 13.13, 13.74, 14.14, 14.29, 14.14, 13.74, 13.13, 12.40, 11.62, 10.85, 10.10, 9.41, 8.77, 8.19, 7.67, 7.20, 6.77, 6.39, 6.04, 5.73, 5.44, 5.18, 4.94, 4.72, 4.52, 4.33, 4.16, 4.00, 3.85, 3.71, 3.59, 3.46, 3.35, 3.25, 3.15, 3.05, 2.96, 2.88, 2.80, 2.73, 2.66, 2.59, 2.52, 2.46, 2.40, 2.35, 2.30, 2.24, 2.20, 2.15, 2.10, 2.06, 2.02, 
1.97, 2.01, 2.05, 2.10, 2.14, 2.19, 2.24, 2.29, 2.34, 2.39, 2.45, 2.51, 2.58, 2.64, 2.71, 2.79, 2.86, 2.95, 3.03, 3.12, 3.22, 3.32, 3.43, 3.55, 3.68, 3.81, 3.95, 4.11, 4.27, 4.45, 4.64, 4.85, 5.08, 5.32, 5.59, 5.88, 6.20, 6.55, 6.93, 7.35, 7.81, 8.30, 8.84, 9.41, 10.00, 10.60, 11.18, 11.70, 12.13, 12.40, 12.50, 12.40, 12.13, 11.70, 11.18, 10.60, 10.00, 9.41, 8.84, 8.30, 7.81, 7.35, 6.93, 6.55, 6.20, 5.88, 5.59, 5.32, 5.08, 4.85, 4.64, 4.45, 4.27, 4.11, 3.95, 3.81, 3.68, 3.55, 3.43, 3.32, 3.22, 3.12, 3.03, 2.95, 2.86, 2.79, 2.71, 2.64, 2.58, 2.51, 2.45, 2.39, 2.34, 2.29, 2.24, 2.19, 2.14, 2.10, 2.05, 2.01, 
1.97, 2.01, 2.05, 2.09, 2.13, 2.18, 2.23, 2.28, 2.33, 2.38, 2.44, 2.50, 2.56, 2.63, 2.69, 2.77, 2.84, 2.92, 3.01, 3.10, 3.19, 3.29, 3.40, 3.51, 3.63, 3.76, 3.90, 4.05, 4.21, 4.38, 4.56, 4.76, 4.97, 5.20, 5.45, 5.72, 6.01, 6.32, 6.67, 7.04, 7.43, 7.86, 8.30, 8.77, 9.25, 9.71, 10.15, 10.54, 10.85, 11.04, 11.11, 11.04, 10.85, 10.54, 10.15, 9.71, 9.25, 8.77, 8.30, 7.86, 7.43, 7.04, 6.67, 6.32, 6.01, 5.72, 5.45, 5.20, 4.97, 4.76, 4.56, 4.38, 4.21, 4.05, 3.90, 3.76, 3.63, 3.51, 3.40, 3.29, 3.19, 3.10, 3.01, 2.92, 2.84, 2.77, 2.69, 2.63, 2.56, 2.50, 2.44, 2.38, 2.33, 2.28, 2.23, 2.18, 2.13, 2.09, 2.05, 2.01, 
1.96, 2.00, 2.04, 2.08, 2.12, 2.17, 2.22, 2.27, 2.32, 2.37, 2.43, 2.48, 2.54, 2.61, 2.68, 2.75, 2.82, 2.90, 2.98, 3.07, 3.16, 3.26, 3.36, 3.47, 3.59, 3.71, 3.85, 3.99, 4.14, 4.30, 4.47, 4.66, 4.86, 5.07, 5.30, 5.55, 5.81, 6.10, 6.40, 6.73, 7.07, 7.43, 7.81, 8.19, 8.57, 8.94, 9.28, 9.58, 9.81, 9.95, 10.00, 9.95, 9.81, 9.58, 9.28, 8.94, 8.57, 8.19, 7.81, 7.43, 7.07, 6.73, 6.40, 6.10, 5.81, 5.55, 5.30, 5.07, 4.86, 4.66, 4.47, 4.30, 4.14, 3.99, 3.85, 3.71, 3.59, 3.47, 3.36, 3.26, 3.16, 3.07, 2.98, 2.90, 2.82, 2.75, 2.68, 2.61, 2.54, 2.48, 2.43, 2.37, 2.32, 2.27, 2.22, 2.17, 2.12, 2.08, 2.04, 2.00, 
1.95, 1.99, 2.03, 2.07, 2.11, 2.16, 2.20, 2.25, 2.30, 2.36, 2.41, 2.47, 2.53, 2.59, 2.66, 2.73, 2.80, 2.87, 2.96, 3.04, 3.13, 3.22, 3.32, 3.43, 3.54, 3.66, 3.79, 3.92, 4.07, 4.22, 4.38, 4.55, 4.74, 4.94, 5.15, 5.38, 5.62, 5.87, 6.14, 6.43, 6.73, 7.04, 7.35, 7.67, 7.98, 8.28, 8.54, 8.77, 8.94, 9.05, 9.09, 9.05, 8.94, 8.77, 8.54, 8.28, 7.98, 7.67, 7.35, 7.04, 6.73, 6.43, 6.14, 5.87, 5.62, 5.38, 5.15, 4.94, 4.74, 4.55, 4.38, 4.22, 4.07, 3.92, 3.79, 3.66, 3.54, 3.43, 3.32, 3.22, 3.13, 3.04, 2.96, 2.87, 2.80, 2.73, 2.66, 2.59, 2.53, 2.47, 2.41, 2.36, 2.30, 2.25, 2.20, 2.16, 2.11, 2.07, 2.03, 1.99, 
1.94, 1.98, 2.02, 2.06, 2.10, 2.15, 2.19, 2.24, 2.29, 2.34, 2.39, 2.45, 2.51, 2.57, 2.64, 2.70, 2.77, 2.85, 2.93, 3.01, 3.09, 3.19, 3.28, 3.38, 3.49, 3.61, 3.73, 3.85, 3.99, 4.13, 4.29, 4.45, 4.62, 4.81, 5.00, 5.21, 5.42, 5.65, 5.89, 6.14, 6.40, 6.67, 6.93, 7.20, 7.45, 7.69, 7.91, 8.08, 8.22, 8.30, 8.33, 8.30, 8.22, 8.08, 7.91, 7.69, 7.45, 7.20, 6.93, 6.67, 6.40, 6.14, 5.89, 5.65, 5.42, 5.21, 5.00, 4.81, 4.62, 4.45, 4.29, 4.13, 3.99, 3.85, 3.73, 3.61, 3.49, 3.38, 3.28, 3.19, 3.09, 3.01, 2.93, 2.85, 2.77, 2.70, 2.64, 2.57, 2.51, 2.45, 2.39, 2.34, 2.29, 2.24, 2.19, 2.15, 2.10, 2.06, 2.02, 1.98, 
1.94, 1.97, 2.01, 2.05, 2.09, 2.13, 2.18, 2.23, 2.27, 2.32, 2.38, 2.43, 2.49, 2.55, 2.61, 2.68, 2.75, 2.82, 2.90, 2.97, 3.06, 3.15, 3.24, 3.34, 3.44, 3.55, 3.66, 3.79, 3.91, 4.05, 4.19, 4.34, 4.50, 4.67, 4.85, 5.04, 5.23, 5.44, 5.65, 5.87, 6.10, 6.32, 6.55, 6.77, 6.98, 7.18, 7.35, 7.50, 7.60, 7.67, 7.69, 7.67, 7.60, 7.50, 7.35, 7.18, 6.98, 6.77, 6.55, 6.32, 6.10, 5.87, 5.65, 5.44, 5.23, 5.04, 4.85, 4.67, 4.50, 4.34, 4.19, 4.05, 3.91, 3.79, 3.66, 3.55, 3.44, 3.34, 3.24, 3.15, 3.06, 2.97, 2.90, 2.82, 2.75, 2.68, 2.61, 2.55, 2.49, 2.43, 2.38, 2.32, 2.27, 2.23, 2.18, 2.13, 2.09, 2.05, 2.01, 1.97, 
1.93, 1.96, 2.00, 2.04, 2.08, 2.12, 2.17, 2.21, 2.26, 2.31, 2.36, 2.41, 2.47, 2.53, 2.59, 2.65, 2.72, 2.79, 2.86, 2.94, 3.02, 3.11, 3.19, 3.29, 3.39, 3.49, 3.60, 3.71, 3.83, 3.96, 4.10, 4.24, 4.39, 4.54, 4.70, 4.87, 5.05, 5.23, 5.42, 5.62, 5.81, 6.01, 6.20, 6.39, 6.57, 6.73, 6.87, 6.98, 7.07, 7.12, 7.14, 7.12, 7.07, 6.98, 6.87, 6.73, 6.57, 6.39, 6.20, 6.01, 5.81, 5.62, 5.42, 5.23, 5.05, 4.87, 4.70, 4.54, 4.39, 4.24, 4.10, 3.96, 3.83, 3.71, 3.60, 3.49, 3.39, 3.29, 3.19, 3.11, 3.02, 2.94, 2.86, 2.79, 2.72, 2.65, 2.59, 2.53, 2.47, 2.41, 2.36, 2.31, 2.26, 2.21, 2.17, 2.12, 2.08, 2.04, 2.00, 1.96, 
1.92, 1.95, 1.99, 2.03, 2.07, 2.11, 2.15, 2.20, 2.24, 2.29, 2.34, 2.39, 2.45, 2.50, 2.56, 2.63, 2.69, 2.76, 2.83, 2.90, 2.98, 3.06, 3.15, 3.24, 3.33, 3.43, 3.53, 3.64, 3.76, 3.87, 4.00, 4.13, 4.27, 4.41, 4.56, 4.71, 4.87, 5.04, 5.21, 5.38, 5.55, 5.72, 5.88, 6.04, 6.19, 6.32, 6.44, 6.54, 6.61, 6.65, 6.67, 6.65, 6.61, 6.54, 6.44, 6.32, 6.19, 6.04, 5.88, 5.72, 5.55, 5.38, 5.21, 5.04, 4.87, 4.71, 4.56, 4.41, 4.27, 4.13, 4.00, 3.87, 3.76, 3.64, 3.53, 3.43, 3.33, 3.24, 3.15, 3.06, 2.98, 2.90, 2.83, 2.76, 2.69, 2.63, 2.56, 2.50, 2.45, 2.39, 2.34, 2.29, 2.24, 2.20, 2.15, 2.11, 2.07, 2.03, 1.99, 1.95, 
1.90, 1.94, 1.98, 2.01, 2.05, 2.09, 2.14, 2.18, 2.22, 2.27, 2.32, 2.37, 2.43, 2.48, 2.54, 2.60, 2.66, 2.73, 2.80, 2.87, 2.94, 3.02, 3.10, 3.19, 3.28, 3.37, 3.47, 3.57, 3.68, 3.79, 3.90, 4.03, 4.15, 4.28, 4.42, 4.56, 4.70, 4.85, 5.00, 5.15, 5.30, 5.45, 5.59, 5.73, 5.85, 5.97, 6.06, 6.14, 6.20, 6.24, 6.25, 6.24, 6.20, 6.14, 6.06, 5.97, 5.85, 5.73, 5.59, 5.45, 5.30, 5.15, 5.00, 4.85, 4.70, 4.56, 4.42, 4.28, 4.15, 4.03, 3.90, 3.79, 3.68, 3.57, 3.47, 3.37, 3.28, 3.19, 3.10, 3.02, 2.94, 2.87, 2.80, 2.73, 2.66, 2.60, 2.54, 2.48, 2.43, 2.37, 2.32, 2.27, 2.22, 2.18, 2.14, 2.09, 2.05, 2.01, 1.98, 1.94, 
1.89, 1.93, 1.96, 2.00, 2.04, 2.08, 2.12, 2.16, 2.21, 2.25, 2.30, 2.35, 2.40, 2.46, 2.51, 2.57, 2.63, 2.69, 2.76, 2.83, 2.90, 2.97, 3.05, 3.13, 3.22, 3.31, 3.40, 3.50, 3.60, 3.70, 3.81, 3.92, 4.04, 4.16, 4.28, 4.41, 4.54, 4.67, 4.81, 4.94, 5.07, 5.20, 5.32, 5.44, 5.55, 5.64, 5.73, 5.79, 5.84, 5.87, 5.88, 5.87, 5.84, 5.79, 5.73, 5.64, 5.55, 5.44, 5.32, 5.20, 5.07, 4.94, 4.81, 4.67, 4.54, 4.41, 4.28, 4.16, 4.04, 3.92, 3.81, 3.70, 3.60, 3.50, 3.40, 3.31, 3.22, 3.13, 3.05, 2.97, 2.90, 2.83, 2.76, 2.69, 2.63, 2.57, 2.51, 2.46, 2.40, 2.35, 2.30, 2.25, 2.21, 2.16, 2.12, 2.08, 2.04, 2.00, 1.96, 1.93, 
1.88, 1.92, 1.95, 1.99, 2.02, 2.06, 2.10, 2.15, 2.19, 2.23, 2.28, 2.33, 2.38, 2.43, 2.48, 2.54, 2.60, 2.66, 2.72, 2.79, 2.86, 2.93, 3.00, 3.08, 3.16, 3.25, 3.33, 3.42, 3.52, 3.62, 3.72, 3.82, 3.93, 4.04, 4.15, 4.27, 4.39, 4.50, 4.62, 4.74, 4.86, 4.97, 5.08, 5.18, 5.27, 5.35, 5.42, 5.48, 5.52, 5.55, 5.56, 5.55, 5.52, 5.48, 5.42, 5.35, 5.27, 5.18, 5.08, 4.97, 4.86, 4.74, 4.62, 4.50, 4.39, 4.27, 4.15, 4.04, 3.93, 3.82, 3.72, 3.62, 3.52, 3.42, 3.33, 3.25, 3.16, 3.08, 3.00, 2.93, 2.86, 2.79, 2.72, 2.66, 2.60, 2.54, 2.48, 2.43, 2.38, 2.33, 2.28, 2.23, 2.19, 2.15, 2.10, 2.06, 2.02, 1.99, 1.95, 1.92, 
1.87, 1.90, 1.94, 1.97, 2.01, 2.05, 2.09, 2.13, 2.17, 2.21, 2.26, 2.31, 2.35, 2.40, 2.46, 2.51, 2.57, 2.63, 2.69, 2.75, 2.82, 2.88, 2.96, 3.03, 3.11, 3.18, 3.27, 3.35, 3.44, 3.53, 3.62, 3.72, 3.82, 3.92, 4.03, 4.13, 4.24, 4.34, 4.45, 4.55, 4.66, 4.76, 4.85, 4.94, 5.02, 5.09, 5.15, 5.20, 5.23, 5.26, 5.26, 5.26, 5.23, 5.20, 5.15, 5.09, 5.02, 4.94, 4.85, 4.76, 4.66, 4.55, 4.45, 4.34, 4.24, 4.13, 4.03, 3.92, 3.82, 3.72, 3.62, 3.53, 3.44, 3.35, 3.27, 3.18, 3.11, 3.03, 2.96, 2.88, 2.82, 2.75, 2.69, 2.63, 2.57, 2.51, 2.46, 2.40, 2.35, 2.31, 2.26, 2.21, 2.17, 2.13, 2.09, 2.05, 2.01, 1.97, 1.94, 1.90, 
1.86, 1.89, 1.92, 1.96, 1.99, 2.03, 2.07, 2.11, 2.15, 2.19, 2.24, 2.28, 2.33, 2.38, 2.43, 2.48, 2.54, 2.59, 2.65, 2.71, 2.77, 2.84, 2.91, 2.98, 3.05, 3.12, 3.20, 3.28, 3.36, 3.45, 3.54, 3.62, 3.72, 3.81, 3.90, 4.00, 4.10, 4.19, 4.29, 4.38, 4.47, 4.56, 4.64, 4.72, 4.79, 4.85, 4.90, 4.94, 4.98, 4.99, 5.00, 4.99, 4.98, 4.94, 4.90, 4.85, 4.79, 4.72, 4.64, 4.56, 4.47, 4.38, 4.29, 4.19, 4.10, 4.00, 3.90, 3.81, 3.72, 3.62, 3.54, 3.45, 3.36, 3.28, 3.20, 3.12, 3.05, 2.98, 2.91, 2.84, 2.77, 2.71, 2.65, 2.59, 2.54, 2.48, 2.43, 2.38, 2.33, 2.28, 2.24, 2.19, 2.15, 2.11, 2.07, 2.03, 1.99, 1.96, 1.92, 1.89, 
1.84, 1.88, 1.91, 1.94, 1.98, 2.01, 2.05, 2.09, 2.13, 2.17, 2.21, 2.26, 2.30, 2.35, 2.40, 2.45, 2.50, 2.56, 2.61, 2.67, 2.73, 2.79, 2.86, 2.92, 2.99, 3.06, 3.14, 3.21, 3.29, 3.37, 3.45, 3.53, 3.62, 3.70, 3.79, 3.87, 3.96, 4.05, 4.13, 4.22, 4.30, 4.38, 4.45, 4.52, 4.58, 4.63, 4.68, 4.71, 4.74, 4.76, 4.76, 4.76, 4.74, 4.71, 4.68, 4.63, 4.58, 4.52, 4.45, 4.38, 4.30, 4.22, 4.13, 4.05, 3.96, 3.87, 3.79, 3.70, 3.62, 3.53, 3.45, 3.37, 3.29, 3.21, 3.14, 3.06, 2.99, 2.92, 2.86, 2.79, 2.73, 2.67, 2.61, 2.56, 2.50, 2.45, 2.40, 2.35, 2.30, 2.26, 2.21, 2.17, 2.13, 2.09, 2.05, 2.01, 1.98, 1.94, 1.91, 1.88, 
1.83, 1.86, 1.89, 1.93, 1.96, 2.00, 2.03, 2.07, 2.11, 2.15, 2.19, 2.23, 2.28, 2.32, 2.37, 2.42, 2.47, 2.52, 2.58, 2.63, 2.69, 2.75, 2.81, 2.87, 2.94, 3.00, 3.07, 3.14, 3.21, 3.29, 3.36, 3.44, 3.52, 3.60, 3.68, 3.76, 3.83, 3.91, 3.99, 4.07, 4.14, 4.21, 4.27, 4.33, 4.39, 4.43, 4.47, 4.50, 4.53, 4.54, 4.55, 4.54, 4.53, 4.50, 4.47, 4.43, 4.39, 4.33, 4.27, 4.21, 4.14, 4.07, 3.99, 3.91, 3.83, 3.76, 3.68, 3.60, 3.52, 3.44, 3.36, 3.29, 3.21, 3.14, 3.07, 3.00, 2.94, 2.87, 2.81, 2.75, 2.69, 2.63, 2.58, 2.52, 2.47, 2.42, 2.37, 2.32, 2.28, 2.23, 2.19, 2.15, 2.11, 2.07, 2.03, 2.00, 1.96, 1.93, 1.89, 1.86, 
1.82, 1.85, 1.88, 1.91, 1.94, 1.98, 2.01, 2.05, 2.09, 2.13, 2.17, 2.21, 2.25, 2.30, 2.34, 2.39, 2.44, 2.49, 2.54, 2.59, 2.65, 2.70, 2.76, 2.82, 2.88, 2.94, 3.01, 3.07, 3.14, 3.21, 3.28, 3.35, 3.42, 3.50, 3.57, 3.64, 3.71, 3.79, 3.85, 3.92, 3.99, 4.05, 4.11, 4.16, 4.21, 4.25, 4.28, 4.31, 4.33, 4.34, 4.35, 4.34, 4.33, 4.31, 4.28, 4.25, 4.21, 4.16, 4.11, 4.05, 3.99, 3.92, 3.85, 3.79, 3.71, 3.64, 3.57, 3.50, 3.42, 3.35, 3.28, 3.21, 3.14, 3.07, 3.01, 2.94, 2.88, 2.82, 2.76, 2.70, 2.65, 2.59, 2.54, 2.49, 2.44, 2.39, 2.34, 2.30, 2.25, 2.21, 2.17, 2.13, 2.09, 2.05, 2.01, 1.98, 1.94, 1.91, 1.88, 1.85, 
1.80, 1.83, 1.86, 1.89, 1.93, 1.96, 2.00, 2.03, 2.07, 2.10, 2.14, 2.18, 2.22, 2.27, 2.31, 2.36, 2.40, 2.45, 2.50, 2.55, 2.60, 2.66, 2.71, 2.77, 2.83, 2.89, 2.95, 3.01, 3.07, 3.14, 3.20, 3.27, 3.33, 3.40, 3.47, 3.53, 3.60, 3.66, 3.73, 3.79, 3.85, 3.90, 3.95, 4.00, 4.04, 4.08, 4.11, 4.13, 4.15, 4.16, 4.17, 4.16, 4.15, 4.13, 4.11, 4.08, 4.04, 4.00, 3.95, 3.90, 3.85, 3.79, 3.73, 3.66, 3.60, 3.53, 3.47, 3.40, 3.33, 3.27, 3.20, 3.14, 3.07, 3.01, 2.95, 2.89, 2.83, 2.77, 2.71, 2.66, 2.60, 2.55, 2.50, 2.45, 2.40, 2.36, 2.31, 2.27, 2.22, 2.18, 2.14, 2.10, 2.07, 2.03, 2.00, 1.96, 1.93, 1.89, 1.86, 1.83, 
1.79, 1.82, 1.85, 1.88, 1.91, 1.94, 1.98, 2.01, 2.05, 2.08, 2.12, 2.16, 2.20, 2.24, 2.28, 2.32, 2.37, 2.42, 2.46, 2.51, 2.56, 2.61, 2.66, 2.72, 2.77, 2.83, 2.89, 2.94, 3.00, 3.06, 3.12, 3.18, 3.25, 3.31, 3.37, 3.43, 3.49, 3.55, 3.61, 3.66, 3.71, 3.76, 3.81, 3.85, 3.89, 3.92, 3.95, 3.97, 3.99, 4.00, 4.00, 4.00, 3.99, 3.97, 3.95, 3.92, 3.89, 3.85, 3.81, 3.76, 3.71, 3.66, 3.61, 3.55, 3.49, 3.43, 3.37, 3.31, 3.25, 3.18, 3.12, 3.06, 3.00, 2.94, 2.89, 2.83, 2.77, 2.72, 2.66, 2.61, 2.56, 2.51, 2.46, 2.42, 2.37, 2.32, 2.28, 2.24, 2.20, 2.16, 2.12, 2.08, 2.05, 2.01, 1.98, 1.94, 1.91, 1.88, 1.85, 1.82, 
1.77, 1.80, 1.83, 1.86, 1.89, 1.92, 1.96, 1.99, 2.02, 2.06, 2.10, 2.13, 2.17, 2.21, 2.25, 2.29, 2.34, 2.38, 2.43, 2.47, 2.52, 2.57, 2.62, 2.67, 2.72, 2.77, 2.83, 2.88, 2.94, 2.99, 3.05, 3.11, 3.16, 3.22, 3.28, 3.33, 3.39, 3.44, 3.49, 3.54, 3.59, 3.63, 3.68, 3.71, 3.75, 3.78, 3.80, 3.82, 3.83, 3.84, 3.85, 3.84, 3.83, 3.82, 3.80, 3.78, 3.75, 3.71, 3.68, 3.63, 3.59, 3.54, 3.49, 3.44, 3.39, 3.33, 3.28, 3.22, 3.16, 3.11, 3.05, 2.99, 2.94, 2.88, 2.83, 2.77, 2.72, 2.67, 2.62, 2.57, 2.52, 2.47, 2.43, 2.38, 2.34, 2.29, 2.25, 2.21, 2.17, 2.13, 2.10, 2.06, 2.02, 1.99, 1.96, 1.92, 1.89, 1.86, 1.83, 1.80, 
1.76, 1.79, 1.82, 1.84, 1.87, 1.91, 1.94, 1.97, 2.00, 2.04, 2.07, 2.11, 2.15, 2.18, 2.22, 2.26, 2.30, 2.35, 2.39, 2.43, 2.48, 2.52, 2.57, 2.62, 2.67, 2.72, 2.77, 2.82, 2.87, 2.92, 2.98, 3.03, 3.08, 3.13, 3.19, 3.24, 3.29, 3.34, 3.38, 3.43, 3.47, 3.51, 3.55, 3.59, 3.62, 3.64, 3.66, 3.68, 3.69, 3.70, 3.70, 3.70, 3.69, 3.68, 3.66, 3.64, 3.62, 3.59, 3.55, 3.51, 3.47, 3.43, 3.38, 3.34, 3.29, 3.24, 3.19, 3.13, 3.08, 3.03, 2.98, 2.92, 2.87, 2.82, 2.77, 2.72, 2.67, 2.62, 2.57, 2.52, 2.48, 2.43, 2.39, 2.35, 2.30, 2.26, 2.22, 2.18, 2.15, 2.11, 2.07, 2.04, 2.00, 1.97, 1.94, 1.91, 1.87, 1.84, 1.82, 1.79, 
1.75, 1.77, 1.80, 1.83, 1.86, 1.89, 1.92, 1.95, 1.98, 2.01, 2.05, 2.08, 2.12, 2.16, 2.19, 2.23, 2.27, 2.31, 2.35, 2.39, 2.44, 2.48, 2.53, 2.57, 2.62, 2.66, 2.71, 2.76, 2.81, 2.86, 2.91, 2.96, 3.00, 3.05, 3.10, 3.15, 3.19, 3.24, 3.28, 3.32, 3.36, 3.40, 3.43, 3.46, 3.49, 3.52, 3.54, 3.55, 3.56, 3.57, 3.57, 3.57, 3.56, 3.55, 3.54, 3.52, 3.49, 3.46, 3.43, 3.40, 3.36, 3.32, 3.28, 3.24, 3.19, 3.15, 3.10, 3.05, 3.00, 2.96, 2.91, 2.86, 2.81, 2.76, 2.71, 2.66, 2.62, 2.57, 2.53, 2.48, 2.44, 2.39, 2.35, 2.31, 2.27, 2.23, 2.19, 2.16, 2.12, 2.08, 2.05, 2.01, 1.98, 1.95, 1.92, 1.89, 1.86, 1.83, 1.80, 1.77, 
1.73, 1.76, 1.78, 1.81, 1.84, 1.87, 1.90, 1.93, 1.96, 1.99, 2.02, 2.06, 2.09, 2.13, 2.16, 2.20, 2.24, 2.28, 2.32, 2.36, 2.40, 2.44, 2.48, 2.52, 2.57, 2.61, 2.66, 2.70, 2.75, 2.79, 2.84, 2.88, 2.93, 2.97, 3.02, 3.06, 3.11, 3.15, 3.19, 3.22, 3.26, 3.29, 3.32, 3.35, 3.38, 3.40, 3.42, 3.43, 3.44, 3.45, 3.45, 3.45, 3.44, 3.43, 3.42, 3.40, 3.38, 3.35, 3.32, 3.29, 3.26, 3.22, 3.19, 3.15, 3.11, 3.06, 3.02, 2.97, 2.93, 2.88, 2.84, 2.79, 2.75, 2.70, 2.66, 2.61, 2.57, 2.52, 2.48, 2.44, 2.40, 2.36, 2.32, 2.28, 2.24, 2.20, 2.16, 2.13, 2.09, 2.06, 2.02, 1.99, 1.96, 1.93, 1.90, 1.87, 1.84, 1.81, 1.78, 1.76, 
1.71, 1.74, 1.77, 1.79, 1.82, 1.85, 1.88, 1.91, 1.94, 1.97, 2.00, 2.03, 2.07, 2.10, 2.13, 2.17, 2.21, 2.24, 2.28, 2.32, 2.36, 2.40, 2.44, 2.48, 2.52, 2.56, 2.60, 2.65, 2.69, 2.73, 2.77, 2.82, 2.86, 2.90, 2.94, 2.98, 3.02, 3.06, 3.09, 3.13, 3.16, 3.19, 3.22, 3.25, 3.27, 3.29, 3.30, 3.32, 3.33, 3.33, 3.33, 3.33, 3.33, 3.32, 3.30, 3.29, 3.27, 3.25, 3.22, 3.19, 3.16, 3.13, 3.09, 3.06, 3.02, 2.98, 2.94, 2.90, 2.86, 2.82, 2.77, 2.73, 2.69, 2.65, 2.60, 2.56, 2.52, 2.48, 2.44, 2.40, 2.36, 2.32, 2.28, 2.24, 2.21, 2.17, 2.13, 2.10, 2.07, 2.03, 2.00, 1.97, 1.94, 1.91, 1.88, 1.85, 1.82, 1.79, 1.77, 1.74, 
1.70, 1.72, 1.75, 1.78, 1.80, 1.83, 1.86, 1.89, 1.92, 1.95, 1.98, 2.01, 2.04, 2.07, 2.10, 2.14, 2.17, 2.21, 2.24, 2.28, 2.32, 2.36, 2.39, 2.43, 2.47, 2.51, 2.55, 2.59, 2.63, 2.67, 2.71, 2.75, 2.79, 2.83, 2.87, 2.90, 2.94, 2.97, 3.01, 3.04, 3.07, 3.10, 3.12, 3.15, 3.17, 3.18, 3.20, 3.21, 3.22, 3.22, 3.23, 3.22, 3.22, 3.21, 3.20, 3.18, 3.17, 3.15, 3.12, 3.10, 3.07, 3.04, 3.01, 2.97, 2.94, 2.90, 2.87, 2.83, 2.79, 2.75, 2.71, 2.67, 2.63, 2.59, 2.55, 2.51, 2.47, 2.43, 2.39, 2.36, 2.32, 2.28, 2.24, 2.21, 2.17, 2.14, 2.10, 2.07, 2.04, 2.01, 1.98, 1.95, 1.92, 1.89, 1.86, 1.83, 1.80, 1.78, 1.75, 1.72, 
1.68, 1.71, 1.73, 1.76, 1.78, 1.81, 1.84, 1.87, 1.89, 1.92, 1.95, 1.98, 2.01, 2.04, 2.08, 2.11, 2.14, 2.18, 2.21, 2.24, 2.28, 2.32, 2.35, 2.39, 2.43, 2.46, 2.50, 2.54, 2.58, 2.61, 2.65, 2.69, 2.72, 2.76, 2.80, 2.83, 2.86, 2.90, 2.93, 2.96, 2.98, 3.01, 3.03, 3.05, 3.07, 3.09, 3.10, 3.11, 3.12, 3.12, 3.13, 3.12, 3.12, 3.11, 3.10, 3.09, 3.07, 3.05, 3.03, 3.01, 2.98, 2.96, 2.93, 2.90, 2.86, 2.83, 2.80, 2.76, 2.72, 2.69, 2.65, 2.61, 2.58, 2.54, 2.50, 2.46, 2.43, 2.39, 2.35, 2.32, 2.28, 2.24, 2.21, 2.18, 2.14, 2.11, 2.08, 2.04, 2.01, 1.98, 1.95, 1.92, 1.89, 1.87, 1.84, 1.81, 1.78, 1.76, 1.73, 1.71, 
1.67, 1.69, 1.72, 1.74, 1.77, 1.79, 1.82, 1.84, 1.87, 1.90, 1.93, 1.96, 1.99, 2.02, 2.05, 2.08, 2.11, 2.14, 2.18, 2.21, 2.24, 2.28, 2.31, 2.35, 2.38, 2.42, 2.45, 2.49, 2.52, 2.56, 2.59, 2.63, 2.66, 2.69, 2.73, 2.76, 2.79, 2.82, 2.85, 2.87, 2.90, 2.92, 2.95, 2.96, 2.98, 3.00, 3.01, 3.02, 3.02, 3.03, 3.03, 3.03, 3.02, 3.02, 3.01, 3.00, 2.98, 2.96, 2.95, 2.92, 2.90, 2.87, 2.85, 2.82, 2.79, 2.76, 2.73, 2.69, 2.66, 2.63, 2.59, 2.56, 2.52, 2.49, 2.45, 2.42, 2.38, 2.35, 2.31, 2.28, 2.24, 2.21, 2.18, 2.14, 2.11, 2.08, 2.05, 2.02, 1.99, 1.96, 1.93, 1.90, 1.87, 1.84, 1.82, 1.79, 1.77, 1.74, 1.72, 1.69, 
1.65, 1.68, 1.70, 1.72, 1.75, 1.77, 1.80, 1.82, 1.85, 1.88, 1.90, 1.93, 1.96, 1.99, 2.02, 2.05, 2.08, 2.11, 2.14, 2.17, 2.21, 2.24, 2.27, 2.30, 2.34, 2.37, 2.40, 2.44, 2.47, 2.50, 2.54, 2.57, 2.60, 2.63, 2.66, 2.69, 2.72, 2.75, 2.77, 2.80, 2.82, 2.84, 2.86, 2.88, 2.90, 2.91, 2.92, 2.93, 2.94, 2.94, 2.94, 2.94, 2.94, 2.93, 2.92, 2.91, 2.90, 2.88, 2.86, 2.84, 2.82, 2.80, 2.77, 2.75, 2.72, 2.69, 2.66, 2.63, 2.60, 2.57, 2.54, 2.50, 2.47, 2.44, 2.40, 2.37, 2.34, 2.30, 2.27, 2.24, 2.21, 2.17, 2.14, 2.11, 2.08, 2.05, 2.02, 1.99, 1.96, 1.93, 1.90, 1.88, 1.85, 1.82, 1.80, 1.77, 1.75, 1.72, 1.70, 1.68, 
1.64, 1.66, 1.68, 1.71, 1.73, 1.75, 1.78, 1.80, 1.83, 1.86, 1.88, 1.91, 1.94, 1.96, 1.99, 2.02, 2.05, 2.08, 2.11, 2.14, 2.17, 2.20, 2.23, 2.26, 2.29, 2.32, 2.36, 2.39, 2.42, 2.45, 2.48, 2.51, 2.54, 2.57, 2.60, 2.63, 2.65, 2.68, 2.70, 2.73, 2.75, 2.77, 2.79, 2.80, 2.82, 2.83, 2.84, 2.85, 2.85, 2.86, 2.86, 2.86, 2.85, 2.85, 2.84, 2.83, 2.82, 2.80, 2.79, 2.77, 2.75, 2.73, 2.70, 2.68, 2.65, 2.63, 2.60, 2.57, 2.54, 2.51, 2.48, 2.45, 2.42, 2.39, 2.36, 2.32, 2.29, 2.26, 2.23, 2.20, 2.17, 2.14, 2.11, 2.08, 2.05, 2.02, 1.99, 1.96, 1.94, 1.91, 1.88, 1.86, 1.83, 1.80, 1.78, 1.75, 1.73, 1.71, 1.68, 1.66, 
1.62, 1.64, 1.67, 1.69, 1.71, 1.74, 1.76, 1.78, 1.81, 1.83, 1.86, 1.88, 1.91, 1.94, 1.96, 1.99, 2.02, 2.05, 2.08, 2.10, 2.13, 2.16, 2.19, 2.22, 2.25, 2.28, 2.31, 2.34, 2.37, 2.40, 2.43, 2.46, 2.48, 2.51, 2.54, 2.56, 2.59, 2.61, 2.64, 2.66, 2.68, 2.69, 2.71, 2.73, 2.74, 2.75, 2.76, 2.77, 2.77, 2.78, 2.78, 2.78, 2.77, 2.77, 2.76, 2.75, 2.74, 2.73, 2.71, 2.69, 2.68, 2.66, 2.64, 2.61, 2.59, 2.56, 2.54, 2.51, 2.48, 2.46, 2.43, 2.40, 2.37, 2.34, 2.31, 2.28, 2.25, 2.22, 2.19, 2.16, 2.13, 2.10, 2.08, 2.05, 2.02, 1.99, 1.96, 1.94, 1.91, 1.88, 1.86, 1.83, 1.81, 1.78, 1.76, 1.74, 1.71, 1.69, 1.67, 1.64, 
1.61, 1.63, 1.65, 1.67, 1.69, 1.72, 1.74, 1.76, 1.79, 1.81, 1.84, 1.86, 1.89, 1.91, 1.94, 1.96, 1.99, 2.02, 2.04, 2.07, 2.10, 2.13, 2.16, 2.18, 2.21, 2.24, 2.27, 2.30, 2.32, 2.35, 2.38, 2.40, 2.43, 2.46, 2.48, 2.50, 2.53, 2.55, 2.57, 2.59, 2.61, 2.63, 2.64, 2.66, 2.67, 2.68, 2.69, 2.69, 2.70, 2.70, 2.70, 2.70, 2.70, 2.69, 2.69, 2.68, 2.67, 2.66, 2.64, 2.63, 2.61, 2.59, 2.57, 2.55, 2.53, 2.50, 2.48, 2.46, 2.43, 2.40, 2.38, 2.35, 2.32, 2.30, 2.27, 2.24, 2.21, 2.18, 2.16, 2.13, 2.10, 2.07, 2.04, 2.02, 1.99, 1.96, 1.94, 1.91, 1.89, 1.86, 1.84, 1.81, 1.79, 1.76, 1.74, 1.72, 1.69, 1.67, 1.65, 1.63, 
1.59, 1.61, 1.63, 1.65, 1.68, 1.70, 1.72, 1.74, 1.77, 1.79, 1.81, 1.84, 1.86, 1.89, 1.91, 1.94, 1.96, 1.99, 2.01, 2.04, 2.07, 2.09, 2.12, 2.15, 2.17, 2.20, 2.22, 2.25, 2.28, 2.30, 2.33, 2.35, 2.38, 2.40, 2.43, 2.45, 2.47, 2.49, 2.51, 2.53, 2.54, 2.56, 2.58, 2.59, 2.60, 2.61, 2.62, 2.62, 2.63, 2.63, 2.63, 2.63, 2.63, 2.62, 2.62, 2.61, 2.60, 2.59, 2.58, 2.56, 2.54, 2.53, 2.51, 2.49, 2.47, 2.45, 2.43, 2.40, 2.38, 2.35, 2.33, 2.30, 2.28, 2.25, 2.22, 2.20, 2.17, 2.15, 2.12, 2.09, 2.07, 2.04, 2.01, 1.99, 1.96, 1.94, 1.91, 1.89, 1.86, 1.84, 1.81, 1.79, 1.77, 1.74, 1.72, 1.70, 1.68, 1.65, 1.63, 1.61, 
1.58, 1.60, 1.62, 1.64, 1.66, 1.68, 1.70, 1.72, 1.74, 1.77, 1.79, 1.81, 1.84, 1.86, 1.88, 1.91, 1.93, 1.96, 1.98, 2.01, 2.03, 2.06, 2.08, 2.11, 2.13, 2.16, 2.18, 2.21, 2.23, 2.26, 2.28, 2.31, 2.33, 2.35, 2.37, 2.39, 2.41, 2.43, 2.45, 2.47, 2.48, 2.50, 2.51, 2.52, 2.53, 2.54, 2.55, 2.56, 2.56, 2.56, 2.56, 2.56, 2.56, 2.56, 2.55, 2.54, 2.53, 2.52, 2.51, 2.50, 2.48, 2.47, 2.45, 2.43, 2.41, 2.39, 2.37, 2.35, 2.33, 2.31, 2.28, 2.26, 2.23, 2.21, 2.18, 2.16, 2.13, 2.11, 2.08, 2.06, 2.03, 2.01, 1.98, 1.96, 1.93, 1.91, 1.88, 1.86, 1.84, 1.81, 1.79, 1.77, 1.74, 1.72, 1.70, 1.68, 1.66, 1.64, 1.62, 1.60, 
1.56, 1.58, 1.60, 1.62, 1.64, 1.66, 1.68, 1.70, 1.72, 1.75, 1.77, 1.79, 1.81, 1.84, 1.86, 1.88, 1.90, 1.93, 1.95, 1.98, 2.00, 2.02, 2.05, 2.07, 2.10, 2.12, 2.14, 2.17, 2.19, 2.21, 2.24, 2.26, 2.28, 2.30, 2.32, 2.34, 2.36, 2.38, 2.39, 2.41, 2.43, 2.44, 2.45, 2.46, 2.47, 2.48, 2.49, 2.49, 2.50, 2.50, 2.50, 2.50, 2.50, 2.49, 2.49, 2.48, 2.47, 2.46, 2.45, 2.44, 2.43, 2.41, 2.39, 2.38, 2.36, 2.34, 2.32, 2.30, 2.28, 2.26, 2.24, 2.21, 2.19, 2.17, 2.14, 2.12, 2.10, 2.07, 2.05, 2.02, 2.00, 1.98, 1.95, 1.93, 1.90, 1.88, 1.86, 1.84, 1.81, 1.79, 1.77, 1.75, 1.72, 1.70, 1.68, 1.66, 1.64, 1.62, 1.60, 1.58, 
1.55, 1.57, 1.58, 1.60, 1.62, 1.64, 1.66, 1.68, 1.70, 1.72, 1.75, 1.77, 1.79, 1.81, 1.83, 1.86, 1.88, 1.90, 1.92, 1.95, 1.97, 1.99, 2.01, 2.04, 2.06, 2.08, 2.10, 2.13, 2.15, 2.17, 2.19, 2.21, 2.23, 2.25, 2.27, 2.29, 2.31, 2.32, 2.34, 2.36, 2.37, 2.38, 2.39, 2.40, 2.41, 2.42, 2.43, 2.43, 2.44, 2.44, 2.44, 2.44, 2.44, 2.43, 2.43, 2.42, 2.41, 2.40, 2.39, 2.38, 2.37, 2.36, 2.34, 2.32, 2.31, 2.29, 2.27, 2.25, 2.23, 2.21, 2.19, 2.17, 2.15, 2.13, 2.10, 2.08, 2.06, 2.04, 2.01, 1.99, 1.97, 1.95, 1.92, 1.90, 1.88, 1.86, 1.83, 1.81, 1.79, 1.77, 1.75, 1.72, 1.70, 1.68, 1.66, 1.64, 1.62, 1.60, 1.58, 1.57, 
1.53, 1.55, 1.57, 1.59, 1.61, 1.62, 1.64, 1.66, 1.68, 1.70, 1.72, 1.74, 1.77, 1.79, 1.81, 1.83, 1.85, 1.87, 1.89, 1.92, 1.94, 1.96, 1.98, 2.00, 2.02, 2.05, 2.07, 2.09, 2.11, 2.13, 2.15, 2.17, 2.19, 2.21, 2.22, 2.24, 2.26, 2.27, 2.29, 2.30, 2.32, 2.33, 2.34, 2.35, 2.36, 2.36, 2.37, 2.37, 2.38, 2.38, 2.38, 2.38, 2.38, 2.37, 2.37, 2.36, 2.36, 2.35, 2.34, 2.33, 2.32, 2.30, 2.29, 2.27, 2.26, 2.24, 2.22, 2.21, 2.19, 2.17, 2.15, 2.13, 2.11, 2.09, 2.07, 2.05, 2.02, 2.00, 1.98, 1.96, 1.94, 1.92, 1.89, 1.87, 1.85, 1.83, 1.81, 1.79, 1.77, 1.74, 1.72, 1.70, 1.68, 1.66, 1.64, 1.62, 1.61, 1.59, 1.57, 1.55, 
1.52, 1.53, 1.55, 1.57, 1.59, 1.61, 1.63, 1.64, 1.66, 1.68, 1.70, 1.72, 1.74, 1.76, 1.78, 1.80, 1.82, 1.84, 1.87, 1.89, 1.91, 1.93, 1.95, 1.97, 1.99, 2.01, 2.03, 2.05, 2.07, 2.09, 2.11, 2.13, 2.15, 2.16, 2.18, 2.20, 2.21, 2.23, 2.24, 2.25, 2.27, 2.28, 2.29, 2.30, 2.30, 2.31, 2.32, 2.32, 2.32, 2.32, 2.33, 2.32, 2.32, 2.32, 2.32, 2.31, 2.30, 2.30, 2.29, 2.28, 2.27, 2.25, 2.24, 2.23, 2.21, 2.20, 2.18, 2.16, 2.15, 2.13, 2.11, 2.09, 2.07, 2.05, 2.03, 2.01, 1.99, 1.97, 1.95, 1.93, 1.91, 1.89, 1.87, 1.84, 1.82, 1.80, 1.78, 1.76, 1.74, 1.72, 1.70, 1.68, 1.66, 1.64, 1.63, 1.61, 1.59, 1.57, 1.55, 1.53, 
1.50, 1.52, 1.54, 1.55, 1.57, 1.59, 1.61, 1.63, 1.64, 1.66, 1.68, 1.70, 1.72, 1.74, 1.76, 1.78, 1.80, 1.82, 1.84, 1.86, 1.88, 1.90, 1.92, 1.94, 1.96, 1.98, 2.00, 2.01, 2.03, 2.05, 2.07, 2.09, 2.10, 2.12, 2.14, 2.15, 2.17, 2.18, 2.19, 2.20, 2.22, 2.23, 2.24, 2.24, 2.25, 2.26, 2.26, 2.27, 2.27, 2.27, 2.27, 2.27, 2.27, 2.27, 2.26, 2.26, 2.25, 2.24, 2.24, 2.23, 2.22, 2.20, 2.19, 2.18, 2.17, 2.15, 2.14, 2.12, 2.10, 2.09, 2.07, 2.05, 2.03, 2.01, 2.00, 1.98, 1.96, 1.94, 1.92, 1.90, 1.88, 1.86, 1.84, 1.82, 1.80, 1.78, 1.76, 1.74, 1.72, 1.70, 1.68, 1.66, 1.64, 1.63, 1.61, 1.59, 1.57, 1.55, 1.54, 1.52, 
1.49, 1.50, 1.52, 1.54, 1.55, 1.57, 1.59, 1.61, 1.62, 1.64, 1.66, 1.68, 1.70, 1.72, 1.74, 1.75, 1.77, 1.79, 1.81, 1.83, 1.85, 1.87, 1.89, 1.91, 1.92, 1.94, 1.96, 1.98, 2.00, 2.01, 2.03, 2.05, 2.06, 2.08, 2.09, 2.11, 2.12, 2.13, 2.15, 2.16, 2.17, 2.18, 2.19, 2.20, 2.20, 2.21, 2.21, 2.22, 2.22, 2.22, 2.22, 2.22, 2.22, 2.22, 2.21, 2.21, 2.20, 2.20, 2.19, 2.18, 2.17, 2.16, 2.15, 2.13, 2.12, 2.11, 2.09, 2.08, 2.06, 2.05, 2.03, 2.01, 2.00, 1.98, 1.96, 1.94, 1.92, 1.91, 1.89, 1.87, 1.85, 1.83, 1.81, 1.79, 1.77, 1.75, 1.74, 1.72, 1.70, 1.68, 1.66, 1.64, 1.62, 1.61, 1.59, 1.57, 1.55, 1.54, 1.52, 1.50, 
1.47, 1.49, 1.50, 1.52, 1.54, 1.55, 1.57, 1.59, 1.61, 1.62, 1.64, 1.66, 1.68, 1.69, 1.71, 1.73, 1.75, 1.77, 1.78, 1.80, 1.82, 1.84, 1.86, 1.87, 1.89, 1.91, 1.93, 1.94, 1.96, 1.98, 1.99, 2.01, 2.02, 2.04, 2.05, 2.07, 2.08, 2.09, 2.10, 2.11, 2.12, 2.13, 2.14, 2.15, 2.16, 2.16, 2.17, 2.17, 2.17, 2.17, 2.17, 2.17, 2.17, 2.17, 2.17, 2.16, 2.16, 2.15, 2.14, 2.13, 2.12, 2.11, 2.10, 2.09, 2.08, 2.07, 2.05, 2.04, 2.02, 2.01, 1.99, 1.98, 1.96, 1.94, 1.93, 1.91, 1.89, 1.87, 1.86, 1.84, 1.82, 1.80, 1.78, 1.77, 1.75, 1.73, 1.71, 1.69, 1.68, 1.66, 1.64, 1.62, 1.61, 1.59, 1.57, 1.55, 1.54, 1.52, 1.50, 1.49, 
1.46, 1.47, 1.49, 1.50, 1.52, 1.54, 1.55, 1.57, 1.59, 1.60, 1.62, 1.64, 1.65, 1.67, 1.69, 1.71, 1.72, 1.74, 1.76, 1.78, 1.79, 1.81, 1.83, 1.84, 1.86, 1.88, 1.89, 1.91, 1.93, 1.94, 1.96, 1.97, 1.99, 2.00, 2.01, 2.03, 2.04, 2.05, 2.06, 2.07, 2.08, 2.09, 2.10, 2.10, 2.11, 2.12, 2.12, 2.12, 2.13, 2.13, 2.13, 2.13, 2.13, 2.12, 2.12, 2.12, 2.11, 2.10, 2.10, 2.09, 2.08, 2.07, 2.06, 2.05, 2.04, 2.03, 2.01, 2.00, 1.99, 1.97, 1.96, 1.94, 1.93, 1.91, 1.89, 1.88, 1.86, 1.84, 1.83, 1.81, 1.79, 1.78, 1.76, 1.74, 1.72, 1.71, 1.69, 1.67, 1.65, 1.64, 1.62, 1.60, 1.59, 1.57, 1.55, 1.54, 1.52, 1.50, 1.49, 1.47, 
1.44, 1.46, 1.47, 1.49, 1.50, 1.52, 1.54, 1.55, 1.57, 1.58, 1.60, 1.62, 1.63, 1.65, 1.67, 1.68, 1.70, 1.72, 1.73, 1.75, 1.77, 1.78, 1.80, 1.82, 1.83, 1.85, 1.86, 1.88, 1.89, 1.91, 1.92, 1.94, 1.95, 1.96, 1.98, 1.99, 2.00, 2.01, 2.02, 2.03, 2.04, 2.05, 2.05, 2.06, 2.07, 2.07, 2.08, 2.08, 2.08, 2.08, 2.08, 2.08, 2.08, 2.08, 2.08, 2.07, 2.07, 2.06, 2.05, 2.05, 2.04, 2.03, 2.02, 2.01, 2.00, 1.99, 1.98, 1.96, 1.95, 1.94, 1.92, 1.91, 1.89, 1.88, 1.86, 1.85, 1.83, 1.82, 1.80, 1.78, 1.77, 1.75, 1.73, 1.72, 1.70, 1.68, 1.67, 1.65, 1.63, 1.62, 1.60, 1.58, 1.57, 1.55, 1.54, 1.52, 1.50, 1.49, 1.47, 1.46, 
1.43, 1.44, 1.46, 1.47, 1.49, 1.50, 1.52, 1.53, 1.55, 1.57, 1.58, 1.60, 1.61, 1.63, 1.64, 1.66, 1.68, 1.69, 1.71, 1.72, 1.74, 1.76, 1.77, 1.79, 1.80, 1.82, 1.83, 1.85, 1.86, 1.88, 1.89, 1.90, 1.92, 1.93, 1.94, 1.95, 1.96, 1.97, 1.98, 1.99, 2.00, 2.01, 2.01, 2.02, 2.03, 2.03, 2.03, 2.04, 2.04, 2.04, 2.04, 2.04, 2.04, 2.04, 2.03, 2.03, 2.03, 2.02, 2.01, 2.01, 2.00, 1.99, 1.98, 1.97, 1.96, 1.95, 1.94, 1.93, 1.92, 1.90, 1.89, 1.88, 1.86, 1.85, 1.83, 1.82, 1.80, 1.79, 1.77, 1.76, 1.74, 1.72, 1.71, 1.69, 1.68, 1.66, 1.64, 1.63, 1.61, 1.60, 1.58, 1.57, 1.55, 1.53, 1.52, 1.50, 1.49, 1.47, 1.46, 1.44, 